0 0 0
0 0 0
0 0 0
0 0 0
0 0 0
0 0 0
0 0 0
0 0 0
0 0 0
0 0 0
0 0 0
0 0 0
0 0 0
0 0 0
0 0 0
0 0 0
0 0 0
0 0 0
0 0 0
0 0 0
0 0 0
0 0 0
0 0 0
0 0 0
0 0 0
0 0 0
0 0 0
0 0 0
0 0 0
0 0 0
0 0 0
0 0 0
0 0 0
0 0 0
0 0 0
0 0 0
0 0 0
0 0 0
0 0 0
0 0 0
0 0 0
0 0 0
0 0 0
0 0 0
0 0 0
0 0 0
0 0 0
0 0 0
0 0 0
0 0 0
0 0 0
0 0 0
0 0 0
0 0 0
0 0 0
0 0 0
0 0 0
0 0 0
0 0 0
0 0 0
0 0 0
0 0 0
0 0 0
0 0 0
0 0 0
0 0 0
0 0 0
0 0 0
0 0 0
0 0 0
0 0 0
0 0 0
0 0 0
0 0 0
0 0 0
0 0 0
0 0 0
0 0 0
0 0 0
0 0 0
0 0 0
0 0 0
0 0 0
0 0 0
0 0 0
0 0 0
0 0 0
0 0 0
0 0 0
0 0 0
0 0 0
0 0 0
0 0 -0.001
0 0 -0.001
0 0 -0.001
0 0 -0.001
0 0 -0.001
0 0 -0.001
0 0 -0.001
0 0 -0.001
0 0 -0.001
0 0 -0.001
0 0.00953907 -0.002
0 0.00953907 -0.002
0.0111319 0.00953907 -0.002
0.0111319 0.00953907 -0.002
0.0111319 0.00953907 -0.002
0.0111319 0.00953907 -0.002
0.0111319 0.00953907 -0.002
0.0111319 0.00953907 -0.002
0.0111319 0.00953907 -0.002
0.0111319 0.00953907 -0.002
0.0222639 0.00953907 -0.003
0.0222639 0.00953907 -0.003
0.0222639 0.00953907 -0.003
0.0222639 0.00953907 -0.003
0.0222639 0.00953907 -0.003
0.0222639 0.0190781 -0.003
0.0333958 0.0190781 -0.003
0.0333958 0.0190781 -0.003
0.0333958 0.0190781 -0.003
0.0333958 0.0190781 -0.003
0.0445278 0.0190781 -0.003
0.0445278 0.0190781 -0.004
0.0445278 0.0190781 -0.004
0.0445278 0.0190781 -0.004
0.0556597 0.0286172 -0.003
0.0556597 0.0286172 -0.003
0.0667917 0.0286172 -0.003
0.0667917 0.0286172 -0.003
0.0667917 0.0381563 -0.003
0.0779236 0.0381563 -0.003
0.0779236 0.0381563 -0.003
0.0779236 0.0381563 -0.003
0.0890556 0.0381563 -0.003
0.0890556 0.0381563 -0.003
0.0890556 0.0476953 -0.003
0.100188 0.0476953 -0.003
0.100188 0.0476953 -0.003
0.111319 0.0476953 -0.003
0.111319 0.0476953 -0.003
0.111319 0.0476953 -0.003
0.122451 0.0572344 -0.003
0.122451 0.0572344 -0.003
0.133583 0.0572344 -0.003
0.133583 0.0572344 -0.003
0.144715 0.0667735 -0.003
0.144715 0.0667735 -0.003
0.155847 0.0667735 -0.003
0.166979 0.0667735 -0.003
0.166979 0.0667735 -0.003
0.178111 0.0763125 -0.003
0.178111 0.0763125 -0.003
0.189243 0.0763125 -0.003
0.189243 0.0763125 -0.003
0.200375 0.0858516 -0.003
0.211507 0.0858516 -0.003
0.211507 0.0858516 -0.003
0.222639 0.0858516 -0.003
0.222639 0.0953907 -0.003
0.233771 0.0953907 -0.003
0.244903 0.0953907 -0.003
0.244903 0.10493 -0.003
0.256035 0.10493 -0.003
0.267167 0.10493 -0.003
0.267167 0.114469 -0.003
0.278299 0.114469 -0.003
0.289431 0.114469 -0.003
0.300563 0.124008 -0.008
0.300563 0.124008 -0.009
0.322827 0.133547 -0.009
0.333958 0.133547 -0.009
0.333958 0.143086 -0.009
0.34509 0.143086 -0.009
0.356222 0.143086 -0.009
0.367354 0.152625 -0.01
0.367354 0.152625 -0.01
0.378486 0.162164 -0.01
0.389618 0.162164 -0.01
0.40075 0.162164 -0.01
0.411882 0.171703 -0.01
0.423014 0.171703 -0.01
0.434146 0.181242 -0.011
0.445278 0.181242 -0.011
0.445278 0.190781 -0.011
0.45641 0.190781 -0.011
0.478674 0.20032 -0.01
0.489806 0.20032 -0.01
0.500938 0.20986 -0.01
0.51207 0.20986 -0.01
0.523202 0.219399 -0.01
0.534334 0.219399 -0.01
0.545465 0.228938 -0.01
0.556597 0.228938 -0.01
0.567729 0.238477 -0.01
0.578861 0.238477 -0.01
0.589993 0.248016 -0.01
0.601125 0.248016 -0.01
0.612257 0.257555 -0.01
0.623389 0.257555 -0.01
0.634521 0.267094 -0.01
0.645653 0.267094 -0.01
0.667917 0.276633 -0.01
0.679049 0.286172 -0.01
0.690181 0.286172 -0.011
0.701313 0.295711 -0.011
0.712445 0.30525 -0.01
0.734709 0.30525 -0.01
0.745841 0.314789 -0.01
0.756973 0.314789 -0.01
0.768104 0.324328 -0.01
0.790368 0.333867 -0.011
0.8015 0.333867 -0.011
0.812632 0.343406 -0.011
0.834896 0.343406 -0.011
0.846028 0.352946 -0.011
0.85716 0.362485 -0.011
0.879424 0.362485 -0.011
0.890556 0.372024 -0.011
0.901688 0.381563 -0.011
0.923952 0.381563 -0.011
0.935084 0.391102 -0.011
0.946216 0.400641 -0.011
0.96848 0.400641 -0.011
0.979612 0.41018 -0.011
1.00188 0.419719 -0.011
1.01301 0.419719 -0.011
1.03527 0.429258 -0.016
1.0464 0.438797 -0.021
1.06867 0.448336 -0.021
1.0798 0.457875 -0.022
1.10206 0.457875 -0.022
1.11319 0.467414 -0.022
1.13546 0.476953 -0.022
1.14659 0.486492 -0.022
1.16885 0.486492 -0.023
1.19112 0.496032 -0.023
1.20225 0.505571 -0.023
1.22451 0.51511 -0.023
1.23565 0.524649 -0.024
1.25791 0.524649 -0.024
1.28017 0.534188 -0.024
1.29131 0.543727 -0.024
1.31357 0.553266 -0.024
1.33583 0.562805 -0.025
1.34697 0.562805 -0.025
1.36923 0.572344 -0.025
1.39149 0.581883 -0.022
1.41376 0.591422 -0.022
1.42489 0.600961 -0.022
1.44715 0.6105 -0.023
1.46942 0.620039 -0.023
1.49168 0.620039 -0.023
1.51395 0.629578 -0.023
1.52508 0.639118 -0.024
1.54734 0.648657 -0.024
1.5696 0.658196 -0.024
1.59187 0.667735 -0.024
1.61413 0.677274 -0.024
1.6364 0.686813 -0.024
1.65866 0.696352 -0.024
1.68092 0.705891 -0.024
1.69206 0.705891 -0.024
1.71432 0.71543 -0.024
1.73658 0.724969 -0.024
1.75885 0.734508 -0.024
1.78111 0.744047 -0.024
1.80338 0.753586 -0.024
1.82564 0.763125 -0.025
1.8479 0.772664 -0.025
1.87017 0.782204 -0.025
1.89243 0.791743 -0.025
1.9147 0.801282 -0.025
1.93696 0.810821 -0.025
1.95922 0.82036 -0.025
1.98149 0.829899 -0.025
2.00375 0.839438 -0.025
2.02601 0.848977 -0.025
2.05941 0.858516 -0.026
2.08167 0.868055 -0.026
2.10394 0.877594 -0.026
2.1262 0.887133 -0.026
2.14847 0.896672 -0.026
2.17073 0.906211 -0.027
2.19299 0.925289 -0.027
2.22639 0.934829 -0.027
2.24865 0.944368 -0.029
2.27092 0.953907 -0.029
2.29318 0.963446 -0.029
2.32658 0.972985 -0.029
2.34884 0.982524 -0.03
2.37111 0.992063 -0.03
2.39337 1.0016 -0.03
2.42676 1.02068 -0.03
2.44903 1.03022 -0.03
2.47129 1.03976 -0.031
2.50469 1.0493 -0.031
2.52695 1.05884 -0.031
2.54922 1.06838 -0.031
2.58261 1.07791 -0.031
2.60488 1.09699 -0.031
2.62714 1.10653 -0.031
2.66054 1.11607 -0.031
2.6828 1.12561 -0.031
2.7162 1.13515 -0.031
2.73846 1.14469 -0.031
2.77186 1.16377 -0.03
2.79412 1.17331 -0.03
2.82752 1.18284 -0.03
2.84978 1.20192 -0.03
2.88317 1.21146 -0.03
2.90544 1.221 -0.03
2.93883 1.23054 -0.03
2.9611 1.24962 -0.03
2.99449 1.25916 -0.03
3.01676 1.2687 -0.03
3.05015 1.27823 -0.03
3.07242 1.29731 -0.03
3.10581 1.30685 -0.03
3.12808 1.31639 -0.03
3.16147 1.33547 -0.03
3.19487 1.34501 -0.03
3.21713 1.35455 -0.03
3.25053 1.36409 -0.03
3.27279 1.38316 -0.03
3.30619 1.3927 -0.03
3.32845 1.41178 -0.029
3.36185 1.42132 -0.029
3.39524 1.43086 -0.028
3.41751 1.4404 -0.028
3.4509 1.45948 -0.028
3.4843 1.46902 -0.028
3.5177 1.48809 -0.027
3.53996 1.49763 -0.027
3.60675 1.52625 -0.027
3.62902 1.53579 -0.027
3.66241 1.54533 -0.027
3.69581 1.56441 -0.027
3.7292 1.57395 -0.027
3.75147 1.59302 -0.026
3.78486 1.60256 -0.026
3.81826 1.6121 -0.026
3.85165 1.63118 -0.026
3.91845 1.6598 -0.025
3.95184 1.66934 -0.028
3.97411 1.68841 -0.029
4.0075 1.69795 -0.029
4.0409 1.71703 -0.029
4.07429 1.72657 -0.029
4.10769 1.73611 -0.029
4.14108 1.75519 -0.029
4.17448 1.76473 -0.029
4.20788 1.78381 -0.029
4.23014 1.79334 -0.029
4.26354 1.81242 -0.029
4.29693 1.8315 -0.029
4.33033 1.84104 -0.029
4.36372 1.86012 -0.029
4.39712 1.86966 -0.029
4.43052 1.88873 -0.029
4.46391 1.89827 -0.028
4.49731 1.91735 -0.028
4.5307 1.93643 -0.028
4.5641 1.94597 -0.028
4.59749 1.96505 -0.03
4.63089 1.98413 -0.036
4.66429 1.99366 -0.041
4.69768 2.01274 -0.047
4.73108 2.03182 -0.048
4.76447 2.04136 -0.048
4.79787 2.06044 -0.048
4.83127 2.07952 -0.049
4.86466 2.08906 -0.049
4.89806 2.10813 -0.05
4.93145 2.12721 -0.05
4.96485 2.14629 -0.05
4.99825 2.15583 -0.051
5.03164 2.17491 -0.051
5.06504 2.19398 -0.051
5.09843 2.21306 -0.052
5.13183 2.2226 -0.052
5.16522 2.24168 -0.052
5.19862 2.26076 -0.052
5.23202 2.2703 -0.053
5.26541 2.28938 -0.053
5.29881 2.30845 -0.049
5.3322 2.32753 -0.05
5.3656 2.34661 -0.05
5.399 2.36569 -0.05
5.43239 2.38477 -0.05
5.46579 2.39431 -0.051
5.49918 2.41338 -0.051
5.53258 2.43246 -0.051
5.57711 2.45154 -0.052
5.6105 2.47062 -0.052
5.6439 2.4897 -0.052
5.67729 2.50877 -0.053
5.71069 2.52785 -0.053
5.74409 2.54693 -0.053
5.77748 2.56601 -0.053
5.81088 2.58509 -0.053
5.84427 2.60416 -0.053
5.87767 2.62324 -0.053
5.91106 2.63278 -0.053
5.95559 2.65186 -0.053
5.97786 2.67094 -0.052
6.02238 2.69002 -0.053
6.05578 2.70909 -0.053
6.08918 2.72817 -0.053
6.12257 2.75679 -0.053
6.15597 2.77587 -0.053
6.18936 2.79495 -0.054
6.22276 2.81402 -0.054
6.25616 2.8331 -0.054
6.28955 2.85218 -0.054
6.33408 2.87126 -0.055
6.36747 2.89034 -0.055
6.40087 2.90941 -0.055
6.43427 2.92849 -0.055
6.46766 2.95711 -0.055
6.50106 2.97619 -0.055
6.53445 2.99527 -0.055
6.56785 3.01434 -0.055
6.61238 3.03342 -0.055
6.64577 3.06204 -0.06
6.67917 3.08112 -0.064
6.71257 3.1002 -0.064
6.74596 3.12881 -0.064
6.77936 3.14789 -0.064
6.82388 3.16697 -0.065
6.85728 3.19559 -0.065
6.89068 3.21466 -0.065
6.92407 3.23374 -0.065
6.95747 3.26236 -0.065
6.99086 3.28144 -0.066
7.02426 3.30052 -0.066
7.05766 3.32913 -0.066
7.10218 3.34821 -0.066
7.13558 3.37683 -0.067
7.16898 3.39591 -0.067
7.20237 3.42452 -0.067
7.23577 3.4436 -0.068
7.26916 3.47222 -0.068
7.30256 3.4913 -0.068
7.33595 3.51991 -0.069
7.38048 3.53899 -0.066
7.41388 3.56761 -0.066
7.44727 3.58669 -0.066
7.48067 3.6153 -0.066
7.51407 3.63438 -0.066
7.54746 3.663 -0.067
7.58086 3.69162 -0.067
7.62538 3.7107 -0.067
7.65878 3.73931 -0.067
7.69218 3.76793 -0.068
7.72557 3.78701 -0.068
7.75897 3.81562 -0.069
7.79236 3.84424 -0.069
7.82576 3.86332 -0.07
7.85916 3.89194 -0.07
7.89255 3.92055 -0.071
7.92595 3.94917 -0.071
8.00387 3.99687 -0.072
8.03727 4.02548 -0.072
8.07066 4.0541 -0.075
8.10406 4.08272 -0.075
8.13745 4.11134 -0.076
8.17085 4.13995 -0.076
8.20425 4.16857 -0.076
8.23764 4.19719 -0.076
8.27104 4.2258 -0.075
8.30443 4.25442 -0.075
8.34896 4.28304 -0.075
8.38236 4.31166 -0.075
8.41575 4.34027 -0.075
8.44915 4.36889 -0.075
8.48255 4.39751 -0.075
8.51594 4.42612 -0.075
8.54934 4.45474 -0.075
8.58273 4.48336 -0.076
8.61613 4.51198 -0.076
8.64952 4.54059 -0.076
8.68292 4.56921 -0.076
8.71632 4.60737 -0.078
8.74971 4.63598 -0.079
8.78311 4.6646 -0.079
8.8165 4.69322 -0.079
8.8499 4.72184 -0.08
8.8833 4.75045 -0.08
8.91669 4.78861 -0.08
8.95009 4.81723 -0.081
8.98348 4.84584 -0.081
9.01688 4.884 -0.082
9.05027 4.91262 -0.082
9.08367 4.94123 -0.083
9.11707 4.97939 -0.083
9.15046 5.00801 -0.083
9.18386 5.03662 -0.084
9.21725 5.07478 -0.084
9.25065 5.1034 -0.084
9.28405 5.14155 -0.084
9.31744 5.17017 -0.084
9.35084 5.19879 -0.084
9.38423 5.23694 -0.085
9.41763 5.26556 -0.085
9.45102 5.30372 -0.085
9.48442 5.33233 -0.085
9.51782 5.36095 -0.086
9.55121 5.39911 -0.086
9.58461 5.43726 -0.086
9.618 5.46588 -0.086
9.6514 5.50404 -0.087
9.6848 5.53265 -0.087
9.71819 5.57081 -0.087
9.75159 5.60897 -0.088
9.78498 5.63758 -0.088
9.81838 5.67574 -0.088
9.85177 5.7139 -0.088
9.88517 5.74251 -0.088
9.90743 5.78067 -0.088
9.94083 5.81883 -0.089
9.97423 5.85698 -0.089
10.0076 5.8856 -0.089
10.041 5.92376 -0.084
10.0633 5.96191 -0.079
10.0967 6.00007 -0.079
10.1301 6.02869 -0.079
10.1635 6.06684 -0.079
10.1969 6.105 -0.079
10.2303 6.14315 -0.079
10.2637 6.18131 -0.079
10.2859 6.21947 -0.079
10.3193 6.25762 -0.079
10.3527 6.29578 -0.079
10.3861 6.33394 -0.079
10.4084 6.37209 -0.079
10.4418 6.41025 -0.079
10.4752 6.4484 -0.079
10.5086 6.48656 -0.079
10.5308 6.52472 -0.079
10.5642 6.56287 -0.079
10.5976 6.60103 -0.079
10.631 6.63919 -0.079
10.6644 6.67734 -0.079
10.7201 6.75365 -0.079
10.7535 6.79181 -0.079
10.7757 6.82997 -0.078
10.8091 6.87766 -0.078
10.8425 6.91582 -0.078
10.8648 6.95397 -0.078
10.8982 6.99213 -0.078
10.9316 7.03983 -0.078
10.9538 7.07798 -0.078
10.9872 7.11614 -0.078
11.0095 7.16383 -0.078
11.0763 7.24015 -0.078
11.0986 7.28784 -0.078
11.1319 7.326 -0.078
11.1542 7.36415 -0.078
11.1876 7.41185 -0.078
11.2099 7.45 -0.078
11.2433 7.4977 -0.078
11.2655 7.53586 -0.078
11.2878 7.57401 -0.078
11.3212 7.62171 -0.078
11.3435 7.65986 -0.078
11.3769 7.70756 -0.078
11.3991 7.74572 -0.078
11.4325 7.79341 -0.077
11.4548 7.84111 -0.077
11.477 7.87926 -0.077
11.5104 7.92696 -0.077
11.5327 7.97465 -0.077
11.555 8.01281 -0.077
11.5884 8.0605 -0.077
11.6106 8.1082 -0.076
11.6329 8.14636 -0.076
11.6663 8.19405 -0.076
11.6885 8.24175 -0.077
11.7108 8.28944 -0.077
11.7331 8.3276 -0.077
11.7665 8.37529 -0.08
11.7887 8.41345 -0.08
11.8333 8.50884 -0.081
11.8667 8.55654 -0.081
11.8889 8.60423 -0.081
11.9112 8.65193 -0.082
11.9334 8.69962 -0.082
11.9557 8.74732 -0.082
11.978 8.79501 -0.082
12.0002 8.84271 -0.082
12.0225 8.8904 -0.083
12.0448 8.9381 -0.083
12.067 8.98579 -0.083
12.0893 9.03349 -0.083
12.1116 9.08118 -0.083
12.1338 9.12888 -0.083
12.1561 9.17657 -0.083
12.1784 9.22427 -0.083
12.2006 9.27196 -0.083
12.2229 9.31966 -0.088
12.2563 9.41505 -0.098
12.2785 9.46275 -0.099
12.3008 9.51044 -0.099
12.3231 9.56767 -0.099
12.3453 9.61537 -0.099
12.3676 9.66307 -0.1
12.401 9.75846 -0.1
12.4233 9.81569 -0.1
12.4455 9.86339 -0.101
12.4678 9.91108 -0.101
12.4789 9.95878 -0.102
12.5012 10.016 -0.102
12.5234 10.0637 -0.103
12.5568 10.1686 -0.104
12.5791 10.2163 -0.105
12.5902 10.2736 -0.106
12.6125 10.3213 -0.101
12.6236 10.369 -0.097
12.6459 10.4262 -0.098
12.657 10.4739 -0.098
12.6793 10.5216 -0.099
12.6904 10.5788 -0.099
12.7127 10.6265 -0.1
12.7238 10.6837 -0.1
12.7461 10.7314 -0.101
12.7572 10.7887 -0.101
12.7683 10.8459 -0.102
12.7906 10.8936 -0.102
12.8017 10.9508 -0.102
12.824 10.9985 -0.102
12.8351 11.0558 -0.102
12.8463 11.1035 -0.102
12.8685 11.1607 -0.102
12.8797 11.2179 -0.102
12.8908 11.2656 -0.102
12.9131 11.3229 -0.102
12.9242 11.3801 -0.102
12.9465 11.4278 -0.107
12.9576 11.485 -0.112
12.9687 11.5423 -0.112
12.9799 11.59 -0.113
13.0021 11.6472 -0.113
13.0132 11.7044 -0.113
13.0244 11.7617 -0.113
13.0355 11.8189 -0.114
13.0466 11.8761 -0.115
13.0578 11.9238 -0.115
13.0689 11.9811 -0.115
13.08 12.0383 -0.116
13.0912 12.0955 -0.116
13.1023 12.1528 -0.116
13.1134 12.21 -0.117
13.1246 12.2672 -0.117
13.1357 12.3245 -0.117
13.1468 12.3817 -0.117
13.158 12.4389 -0.118
13.1691 12.4962 -0.115
13.1802 12.5534 -0.115
13.1914 12.6106 -0.113
13.2025 12.6679 -0.113
13.2025 12.7251 -0.112
13.2136 12.7823 -0.112
13.2248 12.8396 -0.112
13.2359 12.8968 -0.112
13.247 12.954 -0.112
13.2582 13.0113 -0.112
13.2582 13.078 -0.112
13.2693 13.1353 -0.112
13.2804 13.1925 -0.112
13.2915 13.2497 -0.113
13.2915 13.307 -0.113
13.3027 13.3738 -0.113
13.3138 13.4882 -0.114
13.3249 13.5455 -0.114
13.3249 13.6122 -0.114
13.3361 13.6695 -0.114
13.3361 13.7267 -0.12
13.3472 13.7839 -0.123
13.3472 13.8412 -0.124
13.3583 13.9079 -0.124
13.3695 13.9652 -0.125
13.3695 14.0224 -0.125
13.3806 14.0892 -0.125
13.3806 14.1464 -0.125
13.3917 14.2037 -0.126
13.3917 14.2704 -0.127
13.4029 14.3277 -0.127
13.4029 14.3944 -0.127
13.4029 14.4517 -0.128
13.414 14.5089 -0.128
13.414 14.5757 -0.128
13.4251 14.6329 -0.128
13.4251 14.6997 -0.128
13.4363 14.7569 -0.128
13.4363 14.8237 -0.129
13.4363 14.8809 -0.129
13.4474 14.9382 -0.124
13.4585 14.9954 -0.122
13.4585 15.0526 -0.122
13.4585 15.1194 -0.123
13.4697 15.1766 -0.123
13.4697 15.2434 -0.123
13.4697 15.3102 -0.124
13.4697 15.3674 -0.124
13.4808 15.4342 -0.124
13.4808 15.4914 -0.124
13.4808 15.5582 -0.124
13.4808 15.625 -0.124
13.4919 15.6822 -0.124
13.4919 15.749 -0.124
13.4919 15.8158 -0.124
13.4919 15.9398 -0.124
13.5031 16.0065 -0.124
13.5031 16.0638 -0.124
13.5031 16.1305 -0.12
13.5031 16.1878 -0.119
13.5142 16.245 -0.119
13.5142 16.3118 -0.119
13.5142 16.3786 -0.118
13.5142 16.4453 -0.118
13.5142 16.5026 -0.118
13.5142 16.5693 -0.117
13.5142 16.6361 -0.117
13.5253 16.6933 -0.117
13.5253 16.7601 -0.117
13.5253 16.8269 -0.117
13.5253 16.8937 -0.117
13.5253 16.9604 -0.117
13.5253 17.0177 -0.117
13.5253 17.0845 -0.117
13.5253 17.1512 -0.117
13.5253 17.218 -0.117
13.5253 17.2848 -0.117
13.5253 17.3515 -0.117
13.5253 17.4088 -0.117
13.5253 17.4756 -0.117
13.5253 17.5423 -0.114
13.5253 17.6091 -0.114
13.5253 17.6759 -0.113
13.5253 17.7426 -0.113
13.5253 17.8094 -0.113
13.5253 17.8762 -0.112
13.5253 17.943 -0.112
13.5253 18.0002 -0.111
13.5142 18.067 -0.111
13.5142 18.1337 -0.111
13.5142 18.2005 -0.11
13.5142 18.2673 -0.11
13.5142 18.3341 -0.11
13.5142 18.4008 -0.11
13.5142 18.4676 -0.109
13.5031 18.5344 -0.108
13.5031 18.6012 -0.108
13.5031 18.6679 -0.108
13.5031 18.7347 -0.108
13.5031 18.7919 -0.113
13.5031 18.8587 -0.117
13.4919 18.9159 -0.117
13.4919 18.9827 -0.118
13.4919 19.0495 -0.118
13.4919 19.1163 -0.118
13.4808 19.183 -0.118
13.4808 19.2498 -0.118
13.4808 19.3166 -0.118
13.4697 19.3834 -0.118
13.4697 19.4501 -0.118
13.4697 19.5169 -0.118
13.4585 19.6505 -0.119
13.4585 19.7172 -0.119
13.4474 19.784 -0.119
13.4474 19.8508 -0.119
13.4474 19.9176 -0.119
13.4363 19.9843 -0.119
13.4251 20.0416 -0.125
13.4251 20.1083 -0.13
13.414 20.1751 -0.133
13.414 20.2419 -0.133
13.414 20.3087 -0.133
13.4029 20.3754 -0.133
13.4029 20.4422 -0.133
13.3917 20.509 -0.133
13.3806 20.6425 -0.133
13.3806 20.7093 -0.133
13.3695 20.7761 -0.133
13.3695 20.8428 -0.133
13.3583 20.9096 -0.133
13.3583 20.9764 -0.133
13.3472 21.0432 -0.133
13.3472 21.1195 -0.133
13.3361 21.1862 -0.133
13.3249 21.253 -0.133
13.3249 21.3198 -0.134
13.3249 21.3866 -0.132
13.3138 21.4533 -0.132
13.3027 21.5201 -0.133
13.3027 21.5869 -0.133
13.2915 21.6632 -0.133
13.2915 21.73 -0.133
13.2804 21.7967 -0.133
13.2693 21.8635 -0.133
13.2693 21.9303 -0.133
13.2582 21.9971 -0.133
13.2582 22.0638 -0.133
13.247 22.1306 -0.133
13.2359 22.1974 -0.133
13.2359 22.2642 -0.133
13.2248 22.3405 -0.133
13.2248 22.4072 -0.133
13.2136 22.474 -0.134
13.2025 22.5408 -0.134
13.1914 22.6076 -0.134
13.1914 22.6743 -0.134
13.1802 22.7411 -0.135
13.1691 22.8079 -0.14
13.158 22.8747 -0.141
13.158 22.9414 -0.141
13.1468 23.0177 -0.142
13.1357 23.0845 -0.142
13.1246 23.1513 -0.143
13.1246 23.2181 -0.143
13.1134 23.2848 -0.143
13.1023 23.3516 -0.144
13.0912 23.4279 -0.144
13.0912 23.4947 -0.144
13.08 23.5615 -0.144
13.0689 23.6282 -0.144
13.0578 23.7046 -0.144
13.0466 23.7713 -0.144
13.0466 23.8381 -0.144
13.0355 23.9049 -0.143
13.0244 23.9812 -0.143
13.0132 24.048 -0.143
13.0021 24.1147 -0.142
12.991 24.1815 -0.147
12.9799 24.2578 -0.151
12.9799 24.3246 -0.151
12.9687 24.3914 -0.15
12.9576 24.4677 -0.15
12.9465 24.5345 -0.15
12.9353 24.6012 -0.15
12.9242 24.6775 -0.15
12.9131 24.7443 -0.149
12.9019 24.8111 -0.149
12.8908 24.8874 -0.149
12.8797 24.9542 -0.149
12.8574 25.0973 -0.149
12.8463 25.164 -0.149
12.8351 25.2308 -0.149
12.824 25.3071 -0.15
12.8129 25.3739 -0.15
12.8017 25.4407 -0.15
12.7906 25.517 -0.15
12.7795 25.5838 -0.156
12.7683 25.6505 -0.157
12.7572 25.7268 -0.157
12.7461 25.7936 -0.158
12.7349 25.8604 -0.158
12.7238 25.9367 -0.158
12.7127 26.0035 -0.159
12.6904 26.0798 -0.159
12.6793 26.1466 -0.159
12.6682 26.2133 -0.159
12.657 26.2896 -0.159
12.6459 26.3564 -0.159
12.6348 26.4327 -0.159
12.6236 26.4995 -0.159
12.6125 26.5758 -0.159
12.6014 26.6426 -0.159
12.5902 26.7094 -0.159
12.568 26.7857 -0.159
12.5568 26.8524 -0.159
12.5457 26.9288 -0.16
12.5346 26.9955 -0.155
12.5234 27.0623 -0.155
12.5123 27.1386 -0.155
12.5012 27.2054 -0.155
12.49 27.2817 -0.155
12.4789 27.3485 -0.155
12.4678 27.4248 -0.155
12.4455 27.4916 -0.155
12.4344 27.5679 -0.155
12.4233 27.6346 -0.154
12.4121 27.711 -0.154
12.401 27.7777 -0.154
12.3787 27.854 -0.154
12.3676 27.9208 -0.153
12.3565 27.9971 -0.153
12.3453 28.0639 -0.153
12.3342 28.1402 -0.153
12.3231 28.207 -0.152
12.3008 28.2833 -0.152
12.3008 28.3501 -0.152
12.2897 28.4169 -0.142
12.2785 28.4836 -0.137
12.2674 28.5599 -0.137
12.2451 28.6267 -0.136
12.234 28.703 -0.136
12.2229 28.7698 -0.136
12.2117 28.8461 -0.136
12.2006 28.9129 -0.136
12.1784 28.9892 -0.136
12.1672 29.056 -0.136
12.1561 29.1323 -0.135
12.145 29.1991 -0.135
12.1227 29.2754 -0.135
12.1116 29.3421 -0.135
12.1004 29.4185 -0.135
12.0893 29.4852 -0.135
12.067 29.5615 -0.135
12.0559 29.6283 -0.135
12.0448 29.7046 -0.135
12.0336 29.7714 -0.135
12.0225 29.8382 -0.13
12.0114 29.9145 -0.129
11.9891 29.9813 -0.129
11.978 30.0576 -0.129
11.9668 30.1243 -0.129
11.9557 30.2007 -0.129
11.9334 30.2674 -0.13
11.9223 30.3437 -0.13
11.9112 30.4105 -0.13
11.8889 30.4868 -0.13
11.8778 30.5536 -0.13
11.8667 30.6299 -0.13
11.8555 30.6967 -0.13
11.8333 30.773 -0.13
11.8221 30.8398 -0.13
11.811 30.9065 -0.13
11.7887 30.9829 -0.13
11.7776 31.0496 -0.13
11.7665 31.1259 -0.13
11.7442 31.1927 -0.131
11.7331 31.269 -0.131
11.7219 31.3358 -0.136
11.7108 31.4121 -0.141
11.6997 31.4789 -0.142
11.6774 31.5457 -0.142
11.6663 31.622 -0.143
11.6552 31.6888 -0.143
11.6329 31.7651 -0.144
11.6218 31.8318 -0.144
11.6106 31.9082 -0.144
11.5884 31.9749 -0.145
11.5772 32.0417 -0.145
11.555 32.118 -0.146
11.5438 32.1848 -0.146
11.5327 32.2611 -0.146
11.5104 32.3279 -0.147
11.4993 32.4042 -0.147
11.4882 32.471 -0.147
11.4659 32.5473 -0.147
11.4548 32.614 -0.148
11.4325 32.6808 -0.153
11.4102 32.7571 -0.153
11.3991 32.8239 -0.153
11.3769 32.9002 -0.154
11.3657 32.967 -0.154
11.3435 33.0433 -0.154
11.3323 33.1101 -0.154
11.3212 33.1864 -0.155
11.2989 33.2532 -0.155
11.2878 33.3199 -0.156
11.2655 33.3962 -0.156
11.2544 33.463 -0.157
11.2433 33.5298 -0.157
11.221 33.6061 -0.158
11.2099 33.6729 -0.158
11.1876 33.7397 -0.159
11.1765 33.816 -0.159
11.1653 33.8827 -0.16
11.1431 33.9495 -0.161
11.1319 34.0258 -0.159
11.1208 34.1021 -0.159
11.0986 34.1689 -0.16
11.0874 34.2452 -0.161
11.0652 34.312 -0.161
11.054 34.3788 -0.163
11.0429 34.4551 -0.163
11.0206 34.5219 -0.165
11.0095 34.5886 -0.166
10.9872 34.6649 -0.167
10.9761 34.7317 -0.168
10.965 34.7985 -0.169
10.9427 34.8748 -0.17
10.9316 34.9416 -0.17
10.9093 35.0083 -0.171
10.8982 35.0847 -0.171
10.887 35.1514 -0.171
10.8648 35.2277 -0.172
10.8537 35.2945 -0.171
10.8314 35.3613 -0.171
10.8203 35.4376 -0.171
10.798 35.5044 -0.171
10.7869 35.5712 -0.171
10.7757 35.6379 -0.175
10.7535 35.7047 -0.174
10.7423 35.781 -0.174
10.7312 35.8478 -0.173
10.7089 35.9146 -0.173
10.6978 35.9909 -0.173
10.6755 36.0576 -0.173
10.6644 36.134 -0.173
10.6421 36.2007 -0.172
10.631 36.2675 -0.172
10.6199 36.3438 -0.172
10.5976 36.4106 -0.172
10.5865 36.4774 -0.172
10.5642 36.5537 -0.171
10.5531 36.6204 -0.171
10.5308 36.6872 -0.171
10.5197 36.7635 -0.171
10.5086 36.8303 -0.17
10.4752 36.9829 -0.17
10.464 37.0497 -0.17
10.4418 37.1165 -0.17
10.4306 37.1928 -0.17
10.4084 37.2596 -0.171
10.3972 37.3263 -0.171
10.375 37.4027 -0.171
10.3638 37.4694 -0.171
10.3527 37.5362 -0.171
10.3304 37.6125 -0.17
10.3193 37.6793 -0.171
10.2971 37.7461 -0.171
10.2859 37.8224 -0.171
10.2748 37.8891 -0.171
10.2525 37.9559 -0.171
10.2414 38.0322 -0.171
10.2191 38.099 -0.171
10.208 38.1658 -0.171
10.1857 38.2421 -0.171
10.1746 38.3184 -0.176
10.1635 38.3852 -0.182
10.1301 38.5283 -0.193
10.1189 38.6046 -0.193
10.0967 38.6713 -0.194
10.0855 38.7477 -0.195
10.0633 38.8144 -0.196
10.0521 38.8812 -0.196
10.041 38.9575 -0.197
10.0188 39.0243 -0.198
10.0076 39.0911 -0.199
9.98536 39.1674 -0.199
9.97423 39.2342 -0.2
9.95196 39.3009 -0.2
9.94083 39.3677 -0.201
9.9297 39.444 -0.201
9.90743 39.5108 -0.202
9.8963 39.5776 -0.202
9.87404 39.6539 -0.203
9.86291 39.7206 -0.203
9.84064 39.7874 -0.209
9.82951 39.8637 -0.209
9.80725 39.9305 -0.211
9.79612 39.9973 -0.211
9.78498 40.0736 -0.212
9.76272 40.1404 -0.213
9.75159 40.2071 -0.214
9.72932 40.2835 -0.215
9.71819 40.3502 -0.215
9.70706 40.417 -0.216
9.6848 40.4933 -0.217
9.67366 40.5601 -0.218
9.6514 40.6269 -0.218
9.64027 40.7032 -0.218
9.618 40.7699 -0.218
9.60687 40.8367 -0.22
9.59574 40.913 -0.22
9.57348 40.9798 -0.22
9.56234 41.0466 -0.22
9.55121 41.1229 -0.217
9.52895 41.1897 -0.217
9.51782 41.2564 -0.217
9.49555 41.3232 -0.217
9.48442 41.3995 -0.218
9.47329 41.4663 -0.218
9.45102 41.5331 -0.218
9.43989 41.6094 -0.218
9.41763 41.6762 -0.218
9.4065 41.7429 -0.22
9.39536 41.8097 -0.22
9.3731 41.886 -0.221
9.36197 41.9528 -0.221
9.33971 42.0196 -0.221
9.32857 42.0863 -0.223
9.31744 42.1626 -0.223
9.29518 42.2294 -0.224
9.26178 42.363 -0.226
9.25065 42.4297 -0.226
9.22839 42.5061 -0.226
9.21725 42.5728 -0.226
9.20612 42.6396 -0.227
9.18386 42.7064 -0.227
9.17273 42.7827 -0.228
9.15046 42.8495 -0.229
9.13933 42.9162 -0.229
9.11707 42.983 -0.23
9.0948 43.1261 -0.231
9.07254 43.1929 -0.231
9.06141 43.2596 -0.232
9.03914 43.3264 -0.232
9.02801 43.4027 -0.232
9.01688 43.4695 -0.233
8.99461 43.5363 -0.233
8.98348 43.603 -0.233
8.96122 43.6794 -0.234
8.95009 43.7461 -0.234
8.92782 43.8129 -0.235
8.91669 43.8797 -0.235
8.90556 43.9465 -0.238
8.89443 44.0132 -0.239
8.87216 44.0895 -0.239
8.86103 44.1563 -0.239
8.83877 44.2231 -0.239
8.82764 44.2899 -0.24
8.80537 44.3566 -0.24
8.79424 44.4329 -0.24
8.78311 44.4997 -0.241
8.76084 44.5665 -0.241
8.74971 44.6333 -0.242
8.72745 44.7096 -0.242
8.71632 44.7764 -0.243
8.69405 44.8431 -0.243
8.68292 44.9099 -0.244
8.67179 44.9767 -0.244
8.64952 45.0434 -0.245
8.63839 45.1198 -0.245
8.61613 45.1865 -0.246
8.59386 45.2533 -0.247
8.58273 45.3201 -0.247
8.56047 45.3869 -0.247
8.54934 45.4632 -0.247
8.5382 45.5299 -0.25
8.51594 45.5967 -0.251
8.50481 45.6635 -0.251
8.48255 45.7303 -0.251
8.47141 45.797 -0.252
8.44915 45.8638 -0.252
8.43802 45.9401 -0.253
8.41575 46.0069 -0.254
8.38236 46.1404 -0.254
8.37123 46.2072 -0.255
8.34896 46.274 -0.255
8.33783 46.3408 -0.257
8.3267 46.4171 -0.257
8.30443 46.4838 -0.258
8.2933 46.5506 -0.261
8.28217 46.6174 -0.264
8.25991 46.6842 -0.264
8.24877 46.7509 -0.264
8.22651 46.8177 -0.265
8.21538 46.894 -0.265
8.19311 46.9608 -0.265
8.18198 47.0276 -0.266
8.17085 47.0943 -0.266
8.14859 47.1611 -0.266
8.13745 47.2279 -0.266
8.10406 47.371 -0.267
8.08179 47.4378 -0.267
8.07066 47.5045 -0.268
8.0484 47.5713 -0.268
8.03727 47.6381 -0.268
8.015 47.7048 -0.269
8.00387 47.7716 -0.269
7.98161 47.8384 -0.269
7.97048 47.9052 -0.269
7.94821 47.9719 -0.269
7.93708 48.0483 -0.265
7.92595 48.115 -0.265
7.90368 48.1818 -0.262
7.89255 48.2581 -0.263
7.87029 48.3249 -0.263
7.85916 48.3917 -0.264
7.83689 48.4584 -0.264
7.82576 48.5252 -0.265
7.8035 48.592 -0.265
7.79236 48.6588 -0.266
7.7701 48.7255 -0.266
7.75897 48.7923 -0.266
7.7367 48.8591 -0.266
7.72557 48.9258 -0.266
7.70331 48.9926 -0.266
7.69218 49.0594 -0.267
7.66991 49.1262 -0.267
7.65878 49.2025 -0.267
7.64765 49.2693 -0.267
7.62538 49.336 -0.271
7.61425 49.4028 -0.271
7.59199 49.4696 -0.271
7.58086 49.5363 -0.271
7.55859 49.6031 -0.271
7.54746 49.6699 -0.271
7.5252 49.7367 -0.271
7.51407 49.8034 -0.271
7.4918 49.8702 -0.271
7.48067 49.937 -0.271
7.45841 50.0038 -0.271
7.43614 50.0705 -0.271
7.42501 50.1373 -0.271
7.40275 50.2041 -0.272
7.39161 50.2709 -0.272
7.36935 50.3472 -0.272
7.35822 50.4139 -0.272
7.33595 50.4807 -0.272
7.32482 50.5475 -0.272
7.30256 50.6143 -0.273
7.28029 50.681 -0.273
7.25803 50.7478 -0.273
7.2469 50.8146 -0.274
7.22463 50.8814 -0.274
7.2135 50.9481 -0.274
7.19124 51.0149 -0.274
7.18011 51.0817 -0.273
7.15784 51.1485 -0.273
7.14671 51.2152 -0.274
7.12445 51.282 -0.274
7.11332 51.3392 -0.274
7.09105 51.406 -0.274
7.05766 51.5396 -0.275
7.02426 51.6731 -0.275
7.002 51.7399 -0.274
6.99086 51.8066 -0.274
6.9686 51.8734 -0.274
6.94634 51.9402 -0.274
6.9352 52.007 -0.275
6.91294 52.0737 -0.28
6.90181 52.1405 -0.285
6.87954 52.2073 -0.286
6.86841 52.2741 -0.286
6.84615 52.3408 -0.286
6.83502 52.4076 -0.287
6.81275 52.4744 -0.287
6.79049 52.5412 -0.287
6.77936 52.6079 -0.288
6.75709 52.6747 -0.288
6.74596 52.7415 -0.287
6.7237 52.8083 -0.287
6.70143 52.875 -0.287
6.6903 52.9418 -0.287
6.66804 53.0086 -0.287
6.65691 53.0753 -0.287
6.63464 53.1326 -0.286
6.61238 53.1994 -0.286
6.60125 53.2661 -0.285
6.57898 53.3329 -0.28
6.55672 53.3901 -0.274
6.54559 53.4569 -0.274
6.52332 53.5237 -0.262
6.50106 53.5809 -0.259
6.48993 53.6477 -0.258
6.46766 53.7145 -0.257
6.4454 53.7812 -0.257
6.43427 53.848 -0.256
6.412 53.9148 -0.255
6.40087 53.9816 -0.255
6.37861 54.0388 -0.254
6.34521 54.1723 -0.253
6.32295 54.2391 -0.253
6.30068 54.3059 -0.252
6.28955 54.3727 -0.252
6.26729 54.4299 -0.252
6.25616 54.4967 -0.251
6.23389 54.5634 -0.25
6.21163 54.6302 -0.25
6.2005 54.7065 -0.26
6.17823 54.7733 -0.262
6.15597 54.8401 -0.261
6.14484 54.8973 -0.261
6.12257 54.9641 -0.261
6.10031 55.0309 -0.261
6.08918 55.0976 -0.26
6.06691 55.1644 -0.26
6.04465 55.2312 -0.26
6.03352 55.2884 -0.259
6.01125 55.3552 -0.259
5.97786 55.4887 -0.258
5.95559 55.5555 -0.258
5.93333 55.6223 -0.257
5.9222 55.6795 -0.256
5.89993 55.7463 -0.256
5.87767 55.8131 -0.256
5.86654 55.8798 -0.26
5.85541 55.9466 -0.26
5.83314 56.0134 -0.262
5.79975 56.1374 -0.261
5.77748 56.2042 -0.261
5.75522 56.2709 -0.261
5.74409 56.3377 -0.261
5.72182 56.4045 -0.26
5.69956 56.4713 -0.26
5.68843 56.5285 -0.26
5.66616 56.5953 -0.26
5.6439 56.662 -0.26
5.63277 56.7193 -0.26
5.6105 56.786 -0.26
5.58824 56.8528 -0.26
5.57711 56.9196 -0.26
5.55484 56.9768 -0.259
5.53258 57.0436 -0.259
5.52145 57.1104 -0.258
5.49918 57.1771 -0.259
5.47692 57.2439 -0.259
5.46579 57.3012 -0.259
5.44352 57.3679 -0.258
5.42126 57.4347 -0.258
5.41013 57.5015 -0.258
5.38786 57.5587 -0.258
5.3656 57.6255 -0.258
5.35447 57.6923 -0.258
5.3322 57.759 -0.258
5.30994 57.8163 -0.258
5.28768 57.883 -0.258
5.27654 57.9498 -0.258
5.25428 58.007 -0.258
5.23202 58.0738 -0.258
5.22088 58.1406 -0.257
5.19862 58.2074 -0.257
5.17636 58.2646 -0.256
5.16522 58.3314 -0.256
5.14296 58.3982 -0.256
5.1207 58.4649 -0.255
5.10956 58.5222 -0.255
5.0873 58.5889 -0.256
5.06504 58.6462 -0.256
5.04277 58.7129 -0.255
5.03164 58.7797 -0.255
5.00938 58.8369 -0.255
4.98711 58.9037 -0.254
4.96485 58.9705 -0.254
4.95372 59.0277 -0.254
4.93145 59.0945 -0.254
4.90919 59.1613 -0.253
4.89806 59.2185 -0.253
4.87579 59.2853 -0.253
4.85353 59.3425 -0.253
4.83127 59.4093 -0.253
4.82013 59.4761 -0.252
4.79787 59.5333 -0.252
4.77561 59.6001 -0.252
4.76447 59.6668 -0.252
4.74221 59.7241 -0.252
4.71995 59.7909 -0.251
4.70881 59.8576 -0.246
4.68655 59.9244 -0.24
4.66429 59.9816 -0.24
4.64202 60.0484 -0.24
4.63089 60.1056 -0.239
4.60863 60.1724 -0.239
4.58636 60.2392 -0.239
4.5641 60.2964 -0.239
4.55297 60.3632 -0.239
4.5307 60.4204 -0.238
4.50844 60.4872 -0.237
4.48618 60.554 -0.237
4.47504 60.6112 -0.236
4.45278 60.678 -0.236
4.43052 60.7448 -0.235
4.40825 60.802 -0.235
4.39712 60.8688 -0.234
4.37486 60.926 -0.233
4.35259 60.9928 -0.23
4.34146 61.05 -0.23
4.3192 61.1168 -0.229
4.29693 61.174 -0.228
4.2858 61.2408 -0.228
4.26354 61.3076 -0.227
4.24127 61.3648 -0.226
4.21901 61.4316 -0.226
4.20788 61.4888 -0.225
4.18561 61.5556 -0.224
4.16335 61.6128 -0.223
4.15222 61.6796 -0.223
4.12995 61.7464 -0.223
4.10769 61.8036 -0.222
4.08543 61.8704 -0.222
4.06316 61.9276 -0.222
4.05203 61.9944 -0.221
4.02977 62.0516 -0.221
4.0075 62.1184 -0.22
3.98524 62.1756 -0.22
3.97411 62.2424 -0.219
3.95184 62.3092 -0.223
3.92958 62.3664 -0.223
3.91845 62.4332 -0.223
3.89618 62.4904 -0.222
3.87392 62.5572 -0.222
3.85165 62.6144 -0.222
3.84052 62.6812 -0.222
3.79599 62.7957 -0.222
3.77373 62.8624 -0.221
3.7626 62.9197 -0.221
3.74033 62.9864 -0.221
3.71807 63.0437 -0.221
3.69581 63.1105 -0.22
3.67354 63.1677 -0.22
3.66241 63.2345 -0.219
3.64015 63.2917 -0.219
3.61788 63.3489 -0.219
3.59562 63.4157 -0.218
3.58449 63.4729 -0.218
3.56222 63.5397 -0.217
3.53996 63.6065 -0.217
3.5177 63.6637 -0.217
3.49543 63.7305 -0.217
3.47317 63.7877 -0.216
3.46204 63.8545 -0.216
3.43977 63.9117 -0.216
3.41751 63.9785 -0.215
3.39524 64.0357 -0.215
3.36185 64.1598 -0.213
3.33958 64.2265 -0.213
3.31732 64.2838 -0.212
3.29506 64.3505 -0.212
3.27279 64.4078 -0.211
3.25053 64.4745 -0.21
3.2394 64.5318 -0.209
3.21713 64.5986 -0.209
3.19487 64.6558 -0.208
3.17261 64.7226 -0.21
3.16147 64.7893 -0.215
3.15034 64.8466 -0.219
3.12808 64.9133 -0.22
3.10581 64.9706 -0.219
3.09468 65.0374 -0.219
3.07242 65.0946 -0.219
3.05015 65.1614 -0.218
3.02789 65.2186 -0.218
3.00563 65.2758 -0.218
2.99449 65.3426 -0.218
2.97223 65.3998 -0.218
2.94997 65.4666 -0.219
2.9277 65.5238 -0.219
2.90544 65.5811 -0.219
2.89431 65.6479 -0.219
2.87204 65.7051 -0.22
2.84978 65.7623 -0.22
2.82752 65.8291 -0.221
2.81638 65.8863 -0.221
2.79412 65.9436 -0.221
2.77186 66.0103 -0.217
2.74959 66.0771 -0.217
2.72733 66.1343 -0.217
2.70506 66.1916 -0.217
2.69393 66.2584 -0.217
2.67167 66.3156 -0.217
2.6494 66.3824 -0.217
2.62714 66.4396 -0.216
2.60488 66.4968 -0.216
2.59374 66.5636 -0.216
2.57148 66.6208 -0.216
2.54922 66.6876 -0.216
2.52695 66.7448 -0.216
2.50469 66.8021 -0.216
2.48242 66.8689 -0.216
2.46016 66.9261 -0.216
2.4379 66.9929 -0.216
2.42676 67.0501 -0.215
2.4045 67.1073 -0.215
2.38224 67.1741 -0.215
2.35997 67.2313 -0.215
2.34884 67.2886 -0.21
2.32658 67.3458 -0.21
2.30431 67.4126 -0.209
2.28205 67.4698 -0.209
2.25979 67.5271 -0.209
2.23752 67.5938 -0.209
2.22639 67.6511 -0.209
2.20413 67.7083 -0.208
2.18186 67.7751 -0.208
2.1596 67.8323 -0.207
2.13733 67.8895 -0.207
2.11507 67.9563 -0.207
2.09281 68.0135 -0.207
2.05941 68.128 -0.207
2.03715 68.1948 -0.207
2.01488 68.252 -0.207
1.99262 68.3093 -0.208
1.97035 68.3665 -0.204
1.94809 68.4333 -0.202
1.93696 68.4905 -0.202
1.9147 68.5477 -0.202
1.89243 68.605 -0.203
1.87017 68.6622 -0.204
1.8479 68.729 -0.204
1.82564 68.7862 -0.204
1.80338 68.8434 -0.205
1.78111 68.9007 -0.205
1.76998 68.9675 -0.205
1.74772 69.0247 -0.206
1.72545 69.0819 -0.206
1.70319 69.1392 -0.206
1.68092 69.2059 -0.206
1.65866 69.2632 -0.206
1.6364 69.3204 -0.206
1.61413 69.3776 -0.206
1.59187 69.4444 -0.206
1.58074 69.5016 -0.205
1.55847 69.5589 -0.205
1.53621 69.6161 -0.205
1.51395 69.6829 -0.204
1.49168 69.7401 -0.203
1.46942 69.7974 -0.203
1.44715 69.8546 -0.203
1.42489 69.9214 -0.203
1.41376 69.9786 -0.202
1.39149 70.0358 -0.202
1.36923 70.0931 -0.202
1.34697 70.1598 -0.201
1.3247 70.2171 -0.201
1.30244 70.2743 -0.201
1.28017 70.3315 -0.2
1.25791 70.3888 -0.2
1.23565 70.4556 -0.2
1.22451 70.5128 -0.2
1.20225 70.57 -0.2
1.17999 70.6273 -0.2
1.15772 70.6845 -0.2
1.13546 70.7417 -0.2
1.12433 70.8085 -0.205
1.10206 70.8753 -0.207
1.09093 70.9325 -0.207
1.06867 70.9897 -0.207
1.0464 71.047 -0.208
1.03527 71.1042 -0.208
1.01301 71.1614 -0.208
0.990743 71.2187 -0.209
0.96848 71.2855 -0.209
0.946216 71.3427 -0.209
0.923952 71.3999 -0.209
0.901688 71.4572 -0.21
0.890556 71.5144 -0.21
0.868292 71.5716 -0.21
0.846028 71.6289 -0.21
0.823764 71.6861 -0.21
0.8015 71.7529 -0.21
0.779236 71.8101 -0.211
0.756973 71.8673 -0.211
0.745841 71.9246 -0.208
0.723577 71.9818 -0.208
0.701313 72.039 -0.204
0.656785 72.1535 -0.204
0.612257 72.268 -0.203
0.601125 72.3252 -0.203
0.578861 72.3825 -0.203
0.556597 72.4397 -0.203
0.534334 72.4969 -0.203
0.51207 72.5542 -0.203
0.489806 72.6114 -0.203
0.467542 72.6686 -0.203
0.445278 72.7259 -0.203
0.434146 72.7831 -0.203
0.411882 72.8403 -0.203
0.389618 72.8976 -0.203
0.367354 72.9548 -0.203
0.34509 73.012 -0.203
0.333958 73.0597 -0.203
0.311695 73.117 -0.196
0.289431 73.1742 -0.196
0.267167 73.2314 -0.196
0.244903 73.2887 -0.196
0.222639 73.3459 -0.196
0.200375 73.4031 -0.196
0.189243 73.4508 -0.195
0.166979 73.5081 -0.195
0.144715 73.5653 -0.195
0.122451 73.6225 -0.195
0.100188 73.6798 -0.194
0.0779236 73.737 -0.194
0.0556597 73.7942 -0.194
0.0333958 73.8419 -0.193
0.0222639 73.8992 -0.193
0 73.9564 -0.193
-0.0222639 74.0136 -0.193
-0.0445278 74.0709 -0.193
-0.0667917 74.1186 -0.193
-0.0890556 74.1758 -0.193
-0.111319 74.233 -0.198
-0.133583 74.2807 -0.202
-0.155847 74.338 -0.202
-0.166979 74.3952 -0.202
-0.189243 74.4429 -0.202
-0.211507 74.5001 -0.203
-0.233771 74.5574 -0.203
-0.256035 74.6051 -0.203
-0.278299 74.6623 -0.203
-0.289431 74.7195 -0.203
-0.311695 74.7672 -0.203
-0.333958 74.8245 -0.203
-0.356222 74.8817 -0.203
-0.378486 74.9294 -0.203
-0.40075 74.9866 -0.203
-0.423014 75.0439 -0.204
-0.434146 75.0916 -0.204
-0.45641 75.1488 -0.204
-0.478674 75.206 -0.205
-0.500938 75.2537 -0.205
-0.51207 75.311 -0.201
-0.534334 75.3682 -0.199
-0.556597 75.4159 -0.199
-0.578861 75.4731 -0.199
-0.589993 75.5304 -0.199
-0.612257 75.578 -0.199
-0.634521 75.6353 -0.199
-0.656785 75.683 -0.199
-0.679049 75.7402 -0.199
-0.701313 75.7879 -0.199
-0.712445 75.8451 -0.199
-0.734709 75.9024 -0.199
-0.756973 75.9501 -0.198
-0.779236 76.0073 -0.198
-0.8015 76.055 -0.198
-0.823764 76.1122 -0.197
-0.834896 76.1695 -0.197
-0.85716 76.2172 -0.197
-0.879424 76.2744 -0.197
-0.901688 76.3221 -0.197
-0.923952 76.3793 -0.197
-0.935084 76.4366 -0.195
-0.946216 76.4938 -0.195
-0.96848 76.551 -0.195
-0.979612 76.6083 -0.195
-1.00188 76.656 -0.194
-1.02414 76.7132 -0.195
-1.0464 76.7609 -0.195
-1.06867 76.8181 -0.195
-1.0798 76.8658 -0.195
-1.10206 76.9231 -0.195
-1.12433 76.9708 -0.195
-1.14659 77.0184 -0.195
-1.16885 77.0757 -0.195
-1.17999 77.1234 -0.195
-1.20225 77.1806 -0.195
-1.22451 77.2283 -0.195
-1.24678 77.276 -0.196
-1.26904 77.3332 -0.196
-1.28017 77.3809 -0.196
-1.30244 77.4382 -0.196
-1.3247 77.4954 -0.201
-1.34697 77.5431 -0.202
-1.36923 77.6003 -0.203
-1.39149 77.648 -0.203
-1.42489 77.753 -0.204
-1.44715 77.8007 -0.204
-1.46942 77.8579 -0.204
-1.49168 77.9056 -0.204
-1.50281 77.9533 -0.204
-1.52508 78.0105 -0.205
-1.54734 78.0582 -0.205
-1.5696 78.1059 -0.205
-1.58074 78.1631 -0.205
-1.603 78.2108 -0.205
-1.62526 78.2585 -0.205
-1.64753 78.3062 -0.205
-1.65866 78.3635 -0.205
-1.70319 78.4589 -0.205
-1.72545 78.5161 -0.199
-1.73658 78.5733 -0.196
-1.75885 78.621 -0.196
-1.78111 78.6687 -0.196
-1.79224 78.7164 -0.195
-1.81451 78.7736 -0.195
-1.83677 78.8213 -0.195
-1.85904 78.869 -0.194
-1.87017 78.9167 -0.194
-1.89243 78.974 -0.194
-1.9147 79.0217 -0.194
-1.92583 79.0694 -0.194
-1.94809 79.1171 -0.194
-1.95922 79.1647 -0.194
-2.00375 79.2697 -0.194
-2.01488 79.3174 -0.193
-2.03715 79.3651 -0.193
-2.05941 79.4128 -0.193
-2.08167 79.4605 -0.188
-2.09281 79.5082 -0.182
-2.11507 79.5558 -0.182
-2.13733 79.6035 -0.182
-2.14847 79.6512 -0.181
-2.18186 79.7466 -0.181
-2.20413 79.7943 -0.181
-2.22639 79.842 -0.18
-2.23752 79.8897 -0.18
-2.25979 79.9374 -0.18
-2.28205 79.9851 -0.18
-2.29318 80.0328 -0.18
-2.31545 80.0805 -0.18
-2.33771 80.1282 -0.18
-2.34884 80.1664 -0.18
-2.37111 80.214 -0.18
-2.38224 80.2617 -0.18
-2.4045 80.3094 -0.18
-2.42676 80.3571 -0.18
-2.4379 80.4048 -0.18
-2.46016 80.443 -0.185
-2.47129 80.4907 -0.19
-2.49356 80.5384 -0.194
-2.50469 80.5861 -0.194
-2.52695 80.6338 -0.194
-2.53808 80.6719 -0.194
-2.56035 80.7196 -0.195
-2.58261 80.7673 -0.196
-2.59374 80.815 -0.196
-2.61601 80.8627 -0.196
-2.63827 80.9009 -0.197
-2.6494 80.9486 -0.197
-2.67167 80.9963 -0.198
-2.6828 81.0439 -0.198
-2.70506 81.0916 -0.198
-2.72733 81.1298 -0.199
-2.73846 81.1775 -0.199
-2.76072 81.2252 -0.199
-2.78299 81.2729 -0.199
-2.79412 81.311 -0.197
-2.81638 81.3587 -0.197
-2.82752 81.3969 -0.197
-2.84978 81.4446 -0.197
-2.87204 81.4923 -0.197
-2.88317 81.54 -0.197
-2.90544 81.5877 -0.197
-2.9277 81.6258 -0.197
-2.93883 81.6735 -0.197
-2.9611 81.7212 -0.197
-2.98336 81.7594 -0.197
-2.99449 81.8071 -0.197
-3.01676 81.8548 -0.197
-3.03902 81.9025 -0.197
-3.05015 81.9406 -0.197
-3.07242 81.9883 -0.197
-3.09468 82.036 -0.197
-3.10581 82.0742 -0.197
-3.12808 82.1219 -0.197
-3.13921 82.1696 -0.197
-3.19487 82.2936 -0.203
-3.21713 82.3413 -0.203
-3.2394 82.389 -0.204
-3.25053 82.4271 -0.204
-3.27279 82.4748 -0.204
-3.29506 82.513 -0.204
-3.30619 82.5607 -0.205
-3.32845 82.6084 -0.205
-3.35072 82.6465 -0.205
-3.37298 82.6942 -0.206
-3.38411 82.7324 -0.206
-3.40638 82.7801 -0.206
-3.42864 82.8182 -0.206
-3.43977 82.8659 -0.206
-3.46204 82.9136 -0.206
-3.4843 82.9518 -0.206
-3.49543 82.9995 -0.206
-3.5177 83.0376 -0.203
-3.53996 83.0853 -0.198
-3.56222 83.1235 -0.198
-3.58449 83.1712 -0.198
-3.59562 83.2093 -0.198
-3.61788 83.257 -0.199
-3.64015 83.2952 -0.199
-3.66241 83.3429 -0.199
-3.68468 83.381 -0.2
-3.69581 83.4287 -0.2
-3.71807 83.4669 -0.2
-3.74033 83.5146 -0.2
-3.7626 83.5623 -0.2
-3.78486 83.6004 -0.2
-3.80713 83.6481 -0.2
-3.81826 83.6863 -0.2
-3.84052 83.734 -0.2
-3.86279 83.7721 -0.2
-3.88505 83.8198 -0.2
-3.90731 83.858 -0.2
-3.92958 83.9057 -0.2
-3.94071 83.9438 -0.2
-3.96297 83.982 -0.204
-3.98524 84.0297 -0.204
-4.0075 84.0678 -0.204
-4.02977 84.106 -0.204
-4.05203 84.1537 -0.205
-4.07429 84.1919 -0.205
-4.09656 84.2395 -0.205
-4.11882 84.2777 -0.205
-4.14108 84.3254 -0.205
-4.16335 84.3636 -0.205
-4.18561 84.4113 -0.205
-4.21901 84.4494 -0.205
-4.24127 84.4876 -0.205
-4.26354 84.5353 -0.205
-4.2858 84.5734 -0.205
-4.30806 84.6211 -0.205
-4.33033 84.6593 -0.205
-4.35259 84.707 -0.204
-4.38599 84.7451 -0.204
-4.43052 84.831 -0.207
-4.46391 84.8691 -0.212
-4.48618 84.9168 -0.212
-4.50844 84.955 -0.212
-4.54184 84.9931 -0.213
-4.5641 85.0408 -0.213
-4.58636 85.079 -0.213
-4.60863 85.1267 -0.213
-4.64202 85.1648 -0.213
-4.66429 85.203 -0.213
-4.68655 85.2507 -0.213
-4.71995 85.2889 -0.213
-4.74221 85.327 -0.213
-4.77561 85.3747 -0.213
-4.79787 85.4129 -0.213
-4.82013 85.451 -0.213
-4.85353 85.4892 -0.213
-4.87579 85.5369 -0.214
-4.89806 85.575 -0.211
-4.95372 85.6609 -0.206
-4.98711 85.699 -0.206
-5.00938 85.7372 -0.206
-5.04277 85.7849 -0.206
-5.06504 85.823 -0.206
-5.09843 85.8612 -0.206
-5.1207 85.8994 -0.206
-5.15409 85.9375 -0.206
-5.17636 85.9757 -0.206
-5.20975 86.0138 -0.205
-5.23202 86.0615 -0.205
-5.26541 86.0997 -0.205
-5.29881 86.1378 -0.205
-5.32107 86.176 -0.205
-5.35447 86.2141 -0.205
-5.38786 86.2523 -0.205
-5.41013 86.2905 -0.205
-5.44352 86.3286 -0.205
-5.47692 86.3668 -0.205
-5.49918 86.3954 -0.208
-5.53258 86.4335 -0.213
-5.56597 86.4717 -0.218
-5.58824 86.5099 -0.218
-5.62163 86.5385 -0.222
-5.65503 86.5766 -0.222
-5.68843 86.6148 -0.223
-5.71069 86.6529 -0.223
-5.74409 86.6911 -0.223
-5.77748 86.7293 -0.223
-5.81088 86.7579 -0.224
-5.84427 86.796 -0.224
-5.87767 86.8342 -0.225
-5.89993 86.8628 -0.225
-5.93333 86.901 -0.226
-5.96672 86.9391 -0.226
-6.00012 86.9677 -0.227
-6.03352 87.0059 -0.227
-6.06691 87.0441 -0.228
-6.10031 87.0727 -0.228
-6.1337 87.1108 -0.228
-6.1671 87.149 -0.234
-6.22276 87.2158 -0.245
-6.25616 87.2539 -0.248
-6.28955 87.2825 -0.249
-6.32295 87.3207 -0.249
-6.35634 87.3493 -0.249
-6.38974 87.3875 -0.249
-6.42313 87.4161 -0.25
-6.45653 87.4542 -0.25
-6.48993 87.4829 -0.251
-6.52332 87.521 -0.251
-6.55672 87.5496 -0.252
-6.59011 87.5878 -0.253
-6.63464 87.6164 -0.253
-6.66804 87.645 -0.254
-6.70143 87.6832 -0.255
-6.73483 87.7118 -0.255
-6.76822 87.7404 -0.252
-6.80162 87.769 -0.252
-6.83502 87.7976 -0.253
-6.86841 87.8263 -0.253
-6.90181 87.8549 -0.254
-6.9352 87.893 -0.254
-6.9686 87.9217 -0.255
-7.01313 87.9503 -0.256
-7.04652 87.9789 -0.256
-7.07992 88.0075 -0.257
-7.12445 88.0361 -0.257
-7.15784 88.0647 -0.258
-7.19124 88.0934 -0.258
-7.22463 88.122 -0.259
-7.26916 88.1506 -0.259
-7.30256 88.1792 -0.26
-7.33595 88.2078 -0.26
-7.38048 88.2364 -0.261
-7.41388 88.2651 -0.261
-7.45841 88.2937 -0.261
-7.4918 88.3223 -0.261
-7.53633 88.3509 -0.256
-7.58086 88.37 -0.25
-7.65878 88.4272 -0.239
-7.70331 88.4558 -0.233
-7.74784 88.4845 -0.227
-7.78123 88.5035 -0.221
-7.82576 88.5322 -0.216
-7.85916 88.5608 -0.21
-7.90368 88.5799 -0.205
-7.94821 88.6085 -0.2
-7.98161 88.6276 -0.199
-8.02614 88.6562 -0.199
-8.05953 88.6753 -0.199
-8.10406 88.7039 -0.199
-8.13745 88.7229 -0.199
-8.18198 88.7516 -0.199
-8.22651 88.7706 -0.199
-8.25991 88.7993 -0.199
-8.30443 88.8183 -0.201
-8.33783 88.8374 -0.201
-8.37123 88.8565 -0.201
-8.40462 88.8756 -0.201
-8.43802 88.9042 -0.222
-8.48255 88.9233 -0.225
-8.52707 88.9423 -0.225
-8.56047 88.9614 -0.225
-8.605 88.99 -0.225
-8.64952 89.0091 -0.226
-8.68292 89.0282 -0.226
-8.72745 89.0473 -0.226
-8.77198 89.0664 -0.227
-8.8165 89.0854 -0.227
-8.8499 89.1045 -0.227
-8.89443 89.1236 -0.228
-8.93895 89.1427 -0.228
-8.98348 89.1618 -0.228
-9.01688 89.1808 -0.228
-9.06141 89.1999 -0.229
-9.10593 89.219 -0.229
-9.13933 89.2285 -0.226
-9.18386 89.2476 -0.226
-9.21725 89.2667 -0.226
-9.26178 89.2858 -0.226
-9.30631 89.3048 -0.227
-9.33971 89.3144 -0.227
-9.38423 89.3335 -0.227
-9.42876 89.3525 -0.227
-9.47329 89.3621 -0.227
-9.51782 89.3812 -0.227
-9.56234 89.4002 -0.227
-9.60687 89.4098 -0.227
-9.6514 89.4289 -0.228
-9.69593 89.4384 -0.228
-9.74046 89.4575 -0.228
-9.78498 89.4765 -0.228
-9.82951 89.4861 -0.227
-9.87404 89.5052 -0.227
-9.91857 89.5147 -0.227
-9.96309 89.5242 -0.225
-9.99649 89.5433 -0.225
-10.041 89.5529 -0.222
-10.0855 89.5719 -0.222
-10.1301 89.5815 -0.222
-10.1746 89.591 -0.222
-10.2303 89.6006 -0.222
-10.2748 89.6196 -0.222
-10.3193 89.6292 -0.222
-10.3638 89.6387 -0.222
-10.4084 89.6483 -0.222
-10.4529 89.6578 -0.222
-10.4974 89.6769 -0.222
-10.5531 89.6864 -0.223
-10.5976 89.696 -0.222
-10.6421 89.7055 -0.223
-10.6867 89.715 -0.222
-10.7312 89.7246 -0.223
-10.7869 89.7341 -0.223
-10.8314 89.7437 -0.223
-10.8759 89.7532 -0.22
-10.9093 89.7627 -0.218
-10.965 89.7723 -0.218
-11.0095 89.7818 -0.218
-11.054 89.7913 -0.218
-11.0986 89.7913 -0.218
-11.1542 89.8009 -0.218
-11.1987 89.8104 -0.218
-11.2433 89.82 -0.218
-11.2878 89.82 -0.218
-11.3435 89.8295 -0.218
-11.388 89.8295 -0.218
-11.4325 89.839 -0.218
-11.4882 89.8486 -0.218
-11.5327 89.8486 -0.218
-11.5772 89.8581 -0.218
-11.6329 89.8581 -0.218
-11.6774 89.8677 -0.218
-11.7219 89.8677 -0.218
-11.7776 89.8677 -0.218
-11.8221 89.8772 -0.218
-11.8667 89.8772 -0.217
-11.9223 89.8772 -0.212
-12.0336 89.8772 -0.209
-12.0782 89.8772 -0.209
-12.1338 89.8867 -0.209
-12.1784 89.8867 -0.209
-12.234 89.8867 -0.209
-12.2785 89.8867 -0.209
-12.3231 89.8867 -0.209
-12.3787 89.8868 -0.209
-12.4233 89.8868 -0.209
-12.4789 89.8868 -0.209
-12.5234 89.8868 -0.209
-12.5791 89.8868 -0.209
-12.6236 89.8868 -0.209
-12.6682 89.8868 -0.209
-12.7238 89.8772 -0.209
-12.7683 89.8772 -0.209
-12.824 89.8772 -0.209
-12.8685 89.8772 -0.215
-12.9131 89.8772 -0.215
-12.9576 89.8677 -0.218
-13.0021 89.8677 -0.218
-13.0466 89.8677 -0.219
-13.1023 89.8581 -0.219
-13.1468 89.8581 -0.219
-13.2025 89.8486 -0.22
-13.247 89.8486 -0.22
-13.3027 89.8391 -0.221
-13.3472 89.8295 -0.221
-13.4029 89.8295 -0.221
-13.4474 89.82 -0.222
-13.5031 89.82 -0.222
-13.5476 89.8104 -0.222
-13.6032 89.8009 -0.222
-13.6478 89.8009 -0.222
-13.7034 89.7914 -0.222
-13.748 89.7818 -0.222
-13.8036 89.7723 -0.222
-13.8481 89.7723 -0.222
-13.8927 89.7723 -0.23
-13.9372 89.7628 -0.23
-13.9817 89.7532 -0.229
-14.0263 89.7437 -0.229
-14.0708 89.7341 -0.23
-14.1153 89.7246 -0.23
-14.2155 89.7055 -0.23
-14.2712 89.696 -0.23
-14.3157 89.6864 -0.23
-14.3713 89.6769 -0.23
-14.4715 89.6578 -0.23
-14.5161 89.6388 -0.23
-14.5717 89.6292 -0.231
-14.6162 89.6197 -0.231
-14.6719 89.6101 -0.232
-14.7164 89.5911 -0.232
-14.7721 89.5815 -0.233
-14.8166 89.572 -0.233
-14.8612 89.5624 -0.242
-14.9057 89.5434 -0.243
-14.9613 89.5338 -0.244
-15.0059 89.5243 -0.244
-15.0615 89.5052 -0.245
-15.1061 89.4957 -0.246
-15.1617 89.4766 -0.246
-15.2062 89.4671 -0.247
-15.2619 89.448 -0.247
-15.3064 89.4384 -0.248
-15.3621 89.4194 -0.248
-15.4177 89.4003 -0.249
-15.4623 89.3907 -0.249
-15.5179 89.3717 -0.249
-15.5625 89.3526 -0.25
-15.6181 89.343 -0.25
-15.6627 89.324 -0.25
-15.7183 89.3049 -0.251
-15.7628 89.2858 -0.249
-15.8074 89.2667 -0.244
-15.863 89.2572 -0.239
-15.9632 89.219 -0.234
-16.0189 89.2 -0.234
-16.0634 89.1809 -0.234
-16.1191 89.1618 -0.234
-16.1747 89.1427 -0.234
-16.2192 89.1237 -0.234
-16.2749 89.1141 -0.234
-16.3194 89.095 -0.234
-16.3751 89.076 -0.235
-16.4308 89.0569 -0.235
-16.4753 89.0378 -0.235
-16.5309 89.0187 -0.235
-16.5866 88.9997 -0.235
-16.6311 88.971 -0.235
-16.6868 88.952 -0.236
-16.7313 88.9329 -0.236
-16.787 88.9138 -0.236
-16.8426 88.8947 -0.236
-16.8872 88.8852 -0.241
-16.9317 88.8661 -0.241
-16.9762 88.847 -0.246
-17.0319 88.828 -0.246
-17.0875 88.8089 -0.246
-17.1321 88.7898 -0.246
-17.1877 88.7707 -0.246
-17.2434 88.7516 -0.246
-17.2879 88.7326 -0.247
-17.3436 88.7135 -0.247
-17.3992 88.6849 -0.247
-17.4438 88.6658 -0.247
-17.4994 88.6467 -0.248
-17.5551 88.6276 -0.248
-17.5996 88.6086 -0.248
-17.6553 88.5799 -0.248
-17.7109 88.5609 -0.248
-17.7555 88.5418 -0.248
-17.8111 88.5227 -0.248
-17.8668 88.5036 -0.248
-17.9113 88.4846 -0.252
-17.9558 88.4655 -0.252
-18.0004 88.4464 -0.252
-18.0449 88.4178 -0.252
-18.1005 88.3987 -0.252
-18.1451 88.3796 -0.252
-18.2007 88.3605 -0.253
-18.2564 88.3319 -0.253
-18.3009 88.3129 -0.253
-18.3566 88.2938 -0.253
-18.4011 88.2652 -0.253
-18.4568 88.2461 -0.254
-18.5124 88.227 -0.254
-18.557 88.2079 -0.254
-18.6126 88.1793 -0.255
-18.6683 88.1602 -0.255
-18.7128 88.1412 -0.255
-18.7685 88.1125 -0.256
-18.813 88.0935 -0.256
-18.8575 88.0744 -0.251
-18.9132 88.0553 -0.246
-18.9577 88.0458 -0.246
-19.0134 88.0267 -0.242
-19.0579 88.0076 -0.242
-19.1136 87.9885 -0.242
-19.1692 87.9599 -0.242
-19.2137 87.9408 -0.241
-19.2694 87.9218 -0.241
-19.3139 87.8931 -0.241
-19.3696 87.8741 -0.241
-19.4253 87.855 -0.241
-19.4698 87.8359 -0.24
-19.5254 87.8073 -0.24
-19.5811 87.7882 -0.24
-19.6256 87.7691 -0.239
-19.6813 87.7405 -0.239
-19.7258 87.7214 -0.238
-19.7815 87.7024 -0.238
-19.8371 87.6833 -0.238
-19.8817 87.6547 -0.237
-19.9262 87.6451 -0.24
-19.9818 87.6261 -0.24
-20.0375 87.607 -0.24
-20.082 87.5784 -0.24
-20.1822 87.5402 -0.241
-20.2379 87.5211 -0.241
-20.2824 87.4925 -0.241
-20.3381 87.4734 -0.241
-20.3937 87.4544 -0.241
-20.4383 87.4257 -0.241
-20.4939 87.4067 -0.241
-20.5384 87.3876 -0.241
-20.5941 87.359 -0.241
-20.6498 87.3399 -0.241
-20.6943 87.3208 -0.241
-20.75 87.3017 -0.241
-20.7945 87.2731 -0.241
-20.8501 87.254 -0.241
-20.8947 87.235 -0.241
-20.9503 87.2159 -0.236
-21.006 87.1968 -0.236
-21.0616 87.1682 -0.225
-21.1062 87.1491 -0.223
-21.1618 87.13 -0.222
-21.2064 87.111 -0.221
-21.3177 87.0633 -0.219
-21.3622 87.0442 -0.219
-21.4179 87.0251 -0.218
-21.4624 87.006 -0.217
-21.5181 86.9774 -0.217
-21.5737 86.9583 -0.216
-21.6182 86.9393 -0.216
-21.6739 86.9202 -0.215
-21.7184 86.9011 -0.215
-21.7741 86.8725 -0.214
-21.8186 86.8534 -0.214
-21.8743 86.8343 -0.213
-21.9188 86.8152 -0.218
-21.9633 86.8057 -0.224
-22.0079 86.7866 -0.23
-22.0524 86.7676 -0.236
-22.0969 86.7389 -0.242
-22.1526 86.7199 -0.248
-22.1971 86.7008 -0.254
-22.2528 86.6817 -0.26
-22.2973 86.6626 -0.266
-22.353 86.6435 -0.272
-22.3975 86.6245 -0.274
-22.442 86.6054 -0.275
-22.4977 86.5768 -0.276
-22.5422 86.5577 -0.276
-22.5867 86.5386 -0.277
-22.6424 86.5195 -0.278
-22.6869 86.5005 -0.279
-22.7426 86.4814 -0.279
-22.7871 86.4623 -0.28
-22.8316 86.4432 -0.281
-22.8873 86.4146 -0.281
-22.9318 86.3955 -0.281
-22.9875 86.3765 -0.282
-23.032 86.3574 -0.282
-23.0765 86.3383 -0.283
-23.1322 86.3192 -0.284
-23.1767 86.3001 -0.285
-23.2212 86.2811 -0.285
-23.2769 86.262 -0.286
-23.3214 86.2334 -0.287
-23.366 86.2143 -0.288
-23.4216 86.1952 -0.288
-23.4661 86.1761 -0.289
-23.5107 86.1571 -0.29
-23.5552 86.138 -0.291
-23.6109 86.1189 -0.291
-23.6554 86.0998 -0.292
-23.6999 86.0807 -0.292
-23.7444 86.0617 -0.293
-23.789 86.0426 -0.292
-23.8446 86.0235 -0.29
-23.8892 86.0044 -0.291
-23.9337 85.9854 -0.291
-23.9782 85.9663 -0.292
-24.0227 85.9472 -0.292
-24.0784 85.9281 -0.293
-24.1229 85.9186 -0.293
-24.1675 85.8995 -0.294
-24.212 85.8804 -0.294
-24.2565 85.8614 -0.294
-24.301 85.8423 -0.296
-24.3456 85.8232 -0.296
-24.4012 85.8041 -0.297
-24.4458 85.785 -0.297
-24.4903 85.766 -0.298
-24.5348 85.7469 -0.298
-24.5793 85.7278 -0.298
-24.6239 85.7087 -0.299
-24.6684 85.6897 -0.299
-24.7129 85.6706 -0.3
-24.7575 85.6515 -0.3
-24.802 85.642 -0.305
-24.8465 85.6229 -0.31
-24.891 85.6038 -0.311
-24.9356 85.5847 -0.311
-24.9801 85.5656 -0.312
-25.0246 85.5466 -0.313
-25.0691 85.5275 -0.314
-25.1137 85.5084 -0.315
-25.1582 85.4893 -0.315
-25.2027 85.4798 -0.316
-25.2473 85.4607 -0.317
-25.2918 85.4416 -0.318
-25.3363 85.4226 -0.319
-25.3808 85.4035 -0.319
-25.4254 85.3844 -0.321
-25.4699 85.3653 -0.322
-25.5033 85.3558 -0.322
-25.5478 85.3367 -0.323
-25.5924 85.3176 -0.324
-25.6369 85.2986 -0.33
-25.6814 85.2795 -0.333
-25.7259 85.2699 -0.333
-25.7705 85.2509 -0.334
-25.815 85.2318 -0.335
-25.8595 85.2127 -0.336
-25.904 85.1936 -0.336
-25.9374 85.1746 -0.337
-25.982 85.165 -0.338
-26.0265 85.1459 -0.339
-26.071 85.1269 -0.339
-26.1156 85.1078 -0.34
-26.1601 85.0887 -0.341
-26.1935 85.0792 -0.341
-26.238 85.0601 -0.342
-26.2825 85.041 -0.343
-26.3271 85.0219 -0.343
-26.3716 85.0124 -0.344
-26.405 84.9933 -0.345
-26.4495 84.9742 -0.345
-26.494 84.9647 -0.341
-26.5386 84.9456 -0.337
-26.5831 84.9361 -0.338
-26.6165 84.917 -0.339
-26.661 84.8979 -0.339
-26.7055 84.8884 -0.34
-26.7389 84.8693 -0.34
-26.7835 84.8502 -0.341
-26.828 84.8312 -0.342
-26.8725 84.8216 -0.342
-26.9059 84.8025 -0.343
-26.9504 84.7835 -0.343
-26.995 84.7644 -0.344
-27.0284 84.7548 -0.344
-27.0729 84.7358 -0.345
-27.1174 84.7167 -0.345
-27.1508 84.7071 -0.346
-27.1954 84.6881 -0.346
-27.2399 84.669 -0.347
-27.2733 84.6595 -0.347
-27.3178 84.6404 -0.348
-27.3623 84.6308 -0.343
-27.4069 84.6118 -0.338
-27.4403 84.6022 -0.332
-27.4848 84.5831 -0.327
-27.5293 84.5641 -0.322
-27.5627 84.5545 -0.322
-27.6072 84.5354 -0.322
-27.6406 84.5164 -0.322
-27.6852 84.5068 -0.322
-27.7297 84.4878 -0.321
-27.7631 84.4687 -0.321
-27.8076 84.4591 -0.321
-27.841 84.4401 -0.321
-27.8855 84.421 -0.321
-27.9189 84.4114 -0.321
-27.9635 84.3924 -0.32
-27.9969 84.3828 -0.32
-28.0414 84.3637 -0.32
-28.0748 84.3447 -0.32
-28.1193 84.3351 -0.32
-28.1638 84.3161 -0.318
-28.1972 84.3065 -0.318
-28.2418 84.2874 -0.318
-28.2752 84.2779 -0.318
-28.3197 84.2588 -0.318
-28.3531 84.2493 -0.318
-28.3976 84.2302 -0.318
-28.431 84.2207 -0.318
-28.4644 84.2016 -0.318
-28.5089 84.1825 -0.318
-28.5423 84.173 -0.318
-28.5868 84.1539 -0.318
-28.6202 84.1444 -0.318
-28.6536 84.1253 -0.318
-28.6982 84.1157 -0.318
-28.7316 84.0967 -0.318
-28.7761 84.0871 -0.318
-28.8095 84.068 -0.318
-28.8429 84.0585 -0.318
-28.8874 84.0394 -0.318
-28.9208 84.0299 -0.313
-28.9653 84.0108 -0.313
-28.9987 84.0013 -0.309
-29.0433 83.9822 -0.309
-29.0767 83.9727 -0.309
-29.11 83.9536 -0.309
-29.1434 83.944 -0.309
-29.188 83.925 -0.309
-29.2214 83.9154 -0.309
-29.2548 83.8963 -0.309
-29.2993 83.8868 -0.309
-29.3327 83.8677 -0.309
-29.3661 83.8582 -0.309
-29.3995 83.8391 -0.309
-29.4329 83.8296 -0.309
-29.4774 83.8105 -0.309
-29.5108 83.801 -0.309
-29.5442 83.7819 -0.309
-29.5776 83.7723 -0.309
-29.611 83.7533 -0.309
-29.6555 83.7437 -0.304
-29.7 83.7342 -0.298
-29.7334 83.7151 -0.292
-29.7668 83.7056 -0.292
-29.8002 83.696 -0.288
-29.8336 83.6769 -0.287
-29.8782 83.6674 -0.286
-29.9115 83.6483 -0.286
-29.9449 83.6388 -0.285
-29.9783 83.6293 -0.284
-30.0117 83.6102 -0.284
-30.0451 83.6006 -0.283
-30.0785 83.5816 -0.282
-30.1231 83.572 -0.282
-30.1564 83.5625 -0.281
-30.1898 83.5434 -0.281
-30.2232 83.5339 -0.281
-30.2566 83.5148 -0.28
-30.29 83.5052 -0.28
-30.3234 83.4957 -0.279
-30.3568 83.4766 -0.284
-30.3902 83.4671 -0.285
-30.4236 83.4576 -0.285
-30.457 83.4385 -0.285
-30.4904 83.4289 -0.285
-30.5238 83.4194 -0.284
-30.5572 83.4003 -0.284
-30.5906 83.3908 -0.284
-30.624 83.3812 -0.284
-30.6574 83.3622 -0.284
-30.6908 83.3526 -0.283
-30.7242 83.3431 -0.283
-30.7576 83.324 -0.283
-30.791 83.3145 -0.283
-30.8132 83.3049 -0.283
-30.8466 83.2859 -0.283
-30.88 83.2763 -0.283
-30.9134 83.2668 -0.283
-30.9468 83.2477 -0.285
-30.9691 83.2382 -0.285
-31.0025 83.2191 -0.297
-31.0359 83.2095 -0.303
-31.0693 83.2 -0.309
-31.0915 83.1905 -0.315
-31.1249 83.1714 -0.321
-31.1583 83.1618 -0.327
-31.1917 83.1523 -0.334
-31.2251 83.1332 -0.335
-31.2474 83.1237 -0.335
-31.2808 83.1142 -0.337
-31.3142 83.0951 -0.338
-31.3476 83.0855 -0.339
-31.381 83.076 -0.339
-31.4032 83.0665 -0.339
-31.4366 83.0474 -0.341
-31.47 83.0378 -0.342
-31.5034 83.0283 -0.343
-31.5257 83.0188 -0.344
-31.5591 82.9997 -0.348
-31.5925 82.9901 -0.351
-31.6259 82.9806 -0.352
-31.6481 82.9711 -0.353
-31.6815 82.952 -0.354
-31.7149 82.9425 -0.355
-31.7372 82.9329 -0.356
-31.7706 82.9234 -0.358
-31.804 82.9043 -0.359
-31.8262 82.8948 -0.359
-31.8596 82.8852 -0.36
-31.893 82.8757 -0.361
-31.9153 82.8661 -0.362
-31.9487 82.8471 -0.363
-31.9821 82.8375 -0.364
-32.0044 82.828 -0.365
-32.0377 82.8184 -0.366
-32.0711 82.7994 -0.366
-32.0934 82.7898 -0.367
-32.1268 82.7803 -0.368
-32.1491 82.7708 -0.369
-32.1825 82.7612 -0.37
-32.2047 82.7421 -0.376
-32.2381 82.7326 -0.382
-32.2604 82.7231 -0.383
-32.2938 82.7135 -0.385
-32.316 82.704 -0.386
-32.3494 82.6849 -0.387
-32.3717 82.6754 -0.388
-32.4051 82.6658 -0.389
-32.4274 82.6563 -0.39
-32.4608 82.6467 -0.391
-32.483 82.6372 -0.392
-32.5164 82.6181 -0.394
-32.5387 82.6086 -0.395
-32.5721 82.5991 -0.396
-32.5943 82.5895 -0.397
-32.6277 82.58 -0.397
-32.65 82.5704 -0.398
-32.6834 82.5609 -0.399
-32.7057 82.5514 -0.4
-32.7279 82.5323 -0.401
-32.7613 82.5323 -0.397
-32.7947 82.5227 -0.393
-32.817 82.5132 -0.393
-32.8504 82.5037 -0.394
-32.8726 82.4941 -0.395
-32.8949 82.475 -0.396
-32.9283 82.4655 -0.397
-32.9506 82.456 -0.397
-32.9728 82.4464 -0.398
-33.0062 82.4369 -0.399
-33.0285 82.4274 -0.399
-33.0508 82.4178 -0.4
-33.073 82.4083 -0.4
-33.1064 82.3987 -0.401
-33.1287 82.3892 -0.402
-33.1509 82.3797 -0.402
-33.1843 82.3701 -0.402
-33.2066 82.3606 -0.403
-33.24 82.351 -0.4
-33.2623 82.3415 -0.4
-33.2845 82.332 -0.4
-33.3068 82.3224 -0.4
-33.3402 82.3129 -0.4
-33.3625 82.3033 -0.401
-33.3847 82.2938 -0.402
-33.407 82.2843 -0.402
-33.4404 82.2747 -0.402
-33.4626 82.2652 -0.403
-33.4849 82.2556 -0.403
-33.5072 82.2461 -0.404
-33.5294 82.2366 -0.404
-33.5517 82.227 -0.404
-33.5851 82.2175 -0.405
-33.6074 82.208 -0.405
-33.6296 82.1984 -0.406
-33.6519 82.1889 -0.406
-33.6741 82.1793 -0.407
-33.6964 82.1698 -0.407
-33.7187 82.1603 -0.408
-33.7409 82.1603 -0.408
-33.7743 82.1507 -0.398
-33.7966 82.1412 -0.392
-33.8189 82.1316 -0.387
-33.8411 82.1221 -0.382
-33.8634 82.1126 -0.376
-33.8857 82.103 -0.372
-33.8968 82.0935 -0.371
-33.919 82.0839 -0.371
-33.9413 82.0744 -0.37
-33.9636 82.0649 -0.369
-33.9858 82.0649 -0.369
-34.0081 82.0553 -0.368
-34.0304 82.0458 -0.367
-34.0526 82.0363 -0.366
-34.0749 82.0267 -0.365
-34.0972 82.0172 -0.365
-34.1194 82.0172 -0.364
-34.1417 82.0076 -0.363
-34.164 81.9981 -0.362
-34.1862 81.9981 -0.365
-34.2085 81.9886 -0.365
-34.2307 81.979 -0.364
-34.253 81.9695 -0.364
-34.2641 81.9695 -0.364
-34.2864 81.9599 -0.363
-34.3087 81.9504 -0.362
-34.3309 81.9409 -0.362
-34.3532 81.9313 -0.361
-34.3755 81.9313 -0.361
-34.3866 81.9218 -0.36
-34.4089 81.9122 -0.359
-34.4311 81.9122 -0.358
-34.4534 81.9027 -0.358
-34.4756 81.8932 -0.357
-34.4868 81.8836 -0.356
-34.509 81.8836 -0.355
-34.5313 81.8741 -0.354
-34.5536 81.8646 -0.353
-34.5647 81.8646 -0.355
-34.5981 81.855 -0.358
-34.6092 81.8455 -0.358
-34.6315 81.8455 -0.357
-34.6538 81.8359 -0.356
-34.6649 81.8264 -0.356
-34.6872 81.8264 -0.355
-34.6983 81.8169 -0.355
-34.7205 81.8073 -0.355
-34.7428 81.8073 -0.354
-34.7539 81.7978 -0.354
-34.7762 81.7882 -0.354
-34.7873 81.7882 -0.353
-34.8096 81.7787 -0.353
-34.8207 81.7692 -0.353
-34.843 81.7596 -0.353
-34.8541 81.7596 -0.352
-34.8764 81.7501 -0.352
-34.8875 81.7405 -0.352
-34.9098 81.7405 -0.352
-34.9209 81.731 -0.347
-34.9432 81.731 -0.347
-34.9543 81.7215 -0.345
-34.9766 81.7119 -0.344
-34.9877 81.7119 -0.344
-35.01 81.7024 -0.344
-35.0211 81.6929 -0.344
-35.0322 81.6929 -0.343
-35.0545 81.6833 -0.343
-35.0656 81.6738 -0.343
-35.0768 81.6738 -0.342
-35.099 81.6642 -0.342
-35.1102 81.6642 -0.342
-35.1213 81.6547 -0.341
-35.1436 81.6452 -0.341
-35.1547 81.6452 -0.341
-35.1658 81.6356 -0.34
-35.177 81.6356 -0.34
-35.1992 81.6261 -0.34
-35.2104 81.6261 -0.34
-35.2215 81.6165 -0.343
-35.2326 81.6165 -0.343
-35.2438 81.607 -0.343
-35.2549 81.607 -0.342
-35.266 81.5975 -0.342
-35.2883 81.5975 -0.341
-35.2994 81.5879 -0.341
-35.3105 81.5784 -0.34
-35.3217 81.5784 -0.339
-35.3328 81.5688 -0.338
-35.3551 81.5688 -0.337
-35.3662 81.5593 -0.336
-35.3773 81.5593 -0.334
-35.3885 81.5498 -0.333
-35.3996 81.5402 -0.332
-35.4107 81.5402 -0.33
-35.4219 81.5307 -0.329
-35.433 81.5307 -0.328
-35.4441 81.5212 -0.327
-35.4553 81.5212 -0.326
-35.4664 81.5116 -0.325
-35.4775 81.5116 -0.325
-35.4887 81.5116 -0.333
-35.4998 81.5021 -0.334
-35.5109 81.5021 -0.334
-35.522 81.5021 -0.334
-35.5332 81.4925 -0.333
-35.5332 81.4925 -0.334
-35.5443 81.483 -0.334
-35.5554 81.483 -0.334
-35.5666 81.4735 -0.335
-35.5777 81.4735 -0.335
-35.5777 81.4735 -0.336
-35.5888 81.4639 -0.336
-35.6 81.4639 -0.338
-35.6111 81.4639 -0.339
-35.6222 81.4544 -0.339
-35.6222 81.4544 -0.341
-35.6334 81.4544 -0.342
-35.6445 81.4544 -0.343
-35.6445 81.4448 -0.344
-35.6668 81.4448 -0.344
-35.6668 81.4353 -0.347
-35.6779 81.4353 -0.348
-35.689 81.4353 -0.349
-35.7002 81.4353 -0.35
-35.7002 81.4258 -0.352
-35.7113 81.4258 -0.353
-35.7224 81.4258 -0.354
-35.7224 81.4258 -0.355
-35.7336 81.4162 -0.355
-35.7447 81.4162 -0.356
-35.7447 81.4162 -0.357
-35.767 81.4067 -0.357
-35.767 81.4067 -0.357
-35.7781 81.4067 -0.358
-35.7892 81.3971 -0.357
-35.7892 81.3971 -0.357
-35.8003 81.3971 -0.357
-35.8115 81.3971 -0.357
-35.8115 81.3971 -0.351
-35.8226 81.3971 -0.35
-35.8337 81.3971 -0.349
-35.8337 81.3876 -0.349
-35.8449 81.3876 -0.348
-35.8449 81.3876 -0.348
-35.856 81.3876 -0.347
-35.856 81.3781 -0.347
-35.8671 81.3781 -0.346
-35.8783 81.3781 -0.346
-35.8783 81.3781 -0.345
-35.8894 81.3685 -0.345
-35.8894 81.3685 -0.344
-35.8894 81.3685 -0.344
-35.9005 81.3685 -0.343
-35.9117 81.359 -0.343
-35.9117 81.359 -0.342
-35.9228 81.359 -0.342
-35.9339 81.3495 -0.342
-35.9339 81.3495 -0.342
-35.9451 81.3495 -0.341
-35.9451 81.3399 -0.341
-35.9451 81.3399 -0.341
-35.9562 81.3399 -0.341
-35.9562 81.3399 -0.341
-35.9562 81.3399 -0.341
-35.9673 81.3304 -0.341
-35.9673 81.3304 -0.341
-35.9673 81.3304 -0.341
-35.9785 81.3304 -0.341
-35.9785 81.3304 -0.341
-35.9785 81.3304 -0.341
-35.9896 81.3304 -0.341
-35.9896 81.3208 -0.341
-35.9896 81.3208 -0.341
-35.9896 81.3208 -0.341
-36.0007 81.3208 -0.341
-36.0007 81.3208 -0.341
-36.0007 81.3208 -0.341
-36.0007 81.3208 -0.341
-36.0007 81.3208 -0.347
-36.0119 81.3208 -0.347
-36.0119 81.3208 -0.347
-36.0119 81.3208 -0.347
-36.0119 81.3208 -0.347
-36.0119 81.3208 -0.347
-36.0119 81.3208 -0.347
-36.023 81.3208 -0.347
-36.023 81.3208 -0.347
-36.023 81.3208 -0.347
-36.023 81.3208 -0.347
-36.023 81.3208 -0.347
-36.023 81.3113 -0.347
-36.023 81.3113 -0.347
-36.023 81.3113 -0.347
-36.023 81.3113 -0.347
-36.023 81.3113 -0.347
-36.023 81.3113 -0.347
-36.023 81.3113 -0.347
-36.0341 81.3113 -0.343
-36.0341 81.3113 -0.341
-36.0341 81.3113 -0.341
-36.0341 81.3113 -0.341
-36.0341 81.3113 -0.341
-36.023 81.3113 -0.341
-36.023 81.3113 -0.341
-36.023 81.3113 -0.341
-36.023 81.3113 -0.341
-36.023 81.3113 -0.342
-36.023 81.3113 -0.342
-36.023 81.3113 -0.342
-36.023 81.3113 -0.342
-36.023 81.3208 -0.342
-36.023 81.3208 -0.342
-36.0119 81.3208 -0.343
-36.0119 81.3208 -0.343
-36.0119 81.3208 -0.343
-36.0119 81.3208 -0.343
-36.0119 81.3208 -0.344
-36.0119 81.3208 -0.346
-36.0119 81.3208 -0.346
-36.0119 81.3208 -0.347
-36.0119 81.3208 -0.347
-36.0119 81.3208 -0.347
-36.0119 81.3208 -0.348
-36.0119 81.3208 -0.348
-36.0119 81.3208 -0.348
-36.0119 81.3208 -0.348
-36.0119 81.3208 -0.349
-36.0007 81.3208 -0.349
-36.0007 81.3208 -0.349
-36.0007 81.3208 -0.349
-36.0007 81.3208 -0.349
-36.0007 81.3208 -0.349
-36.0007 81.3208 -0.349
-36.0007 81.3208 -0.349
-36.0007 81.3208 -0.349
-36.0007 81.3208 -0.349
-36.0007 81.3208 -0.351
-36.0007 81.3208 -0.351
-36.0007 81.3208 -0.351
-36.0007 81.3208 -0.351
-36.0007 81.3208 -0.35
-36.0119 81.3208 -0.35
-36.0119 81.3208 -0.35
-36.0119 81.3208 -0.35
-36.0119 81.3208 -0.35
-36.0119 81.3208 -0.349
-36.0119 81.3208 -0.349
-36.0119 81.3208 -0.349
-36.0119 81.3208 -0.349
-36.0119 81.3208 -0.349
-36.0119 81.3208 -0.349
-36.0119 81.3208 -0.349
-36.0119 81.3208 -0.349
-36.0119 81.3208 -0.349
-36.0119 81.3208 -0.349
-36.0119 81.3208 -0.348
-36.0119 81.3208 -0.348
-36.0119 81.3208 -0.348
-36.0119 81.3208 -0.348
-36.0119 81.3208 -0.348
-36.0119 81.3208 -0.348
-36.0119 81.3208 -0.348
-36.0119 81.3208 -0.348
-36.0119 81.3208 -0.348
-36.0119 81.3208 -0.348
-36.0119 81.3208 -0.348
-36.0119 81.3208 -0.348
-36.0119 81.3208 -0.348
-36.0119 81.3208 -0.348
-36.0119 81.3208 -0.348
-36.0119 81.3208 -0.348
-36.0119 81.3208 -0.348
-36.0119 81.3208 -0.348
-36.0119 81.3208 -0.348
-36.0119 81.3208 -0.348
-36.0119 81.3208 -0.348
-36.0119 81.3208 -0.35
-36.0119 81.3208 -0.35
-36.0119 81.3208 -0.349
-36.0119 81.3208 -0.349
-36.0119 81.3208 -0.349
-36.0119 81.3208 -0.349
-36.0119 81.3208 -0.349
-36.0119 81.3208 -0.349
-36.0119 81.3208 -0.349
-36.0119 81.3208 -0.349
-36.0119 81.3208 -0.349
-36.0119 81.3208 -0.349
-36.0119 81.3208 -0.349
-36.0119 81.3208 -0.349
-36.0119 81.3208 -0.349
-36.0119 81.3208 -0.349
-36.0119 81.3208 -0.349
-36.0119 81.3208 -0.349
-36.0119 81.3208 -0.349
-36.0119 81.3208 -0.35
-36.0119 81.3208 -0.35
-36.0119 81.3208 -0.35
-36.0119 81.3208 -0.35
-36.0119 81.3208 -0.35
-36.0119 81.3208 -0.35
-36.0119 81.3208 -0.35
-36.0119 81.3208 -0.35
-36.0119 81.3208 -0.35
-36.0119 81.3208 -0.35
-36.0119 81.3208 -0.35
-36.0119 81.3208 -0.35
-36.0119 81.3208 -0.35
-36.0119 81.3208 -0.35
-36.0119 81.3208 -0.35
-36.0119 81.3208 -0.35
-36.0119 81.3208 -0.35
-36.0119 81.3208 -0.35
-36.0119 81.3208 -0.35
-36.0119 81.3208 -0.35
-36.0119 81.3208 -0.35
-36.0119 81.3208 -0.348
-36.0119 81.3208 -0.348
-36.0119 81.3208 -0.348
-36.0119 81.3208 -0.348
-36.0119 81.3208 -0.348
-36.0119 81.3208 -0.348
